GAME_ID,EVENTNUM,EVENTMSGTYPE,EVENTMSGACTIONTYPE,PERIOD,WCTIMESTRING,PCTIMESTRING,HOMEDESCRIPTION,NEUTRALDESCRIPTION,VISITORDESCRIPTION,SCORE,SCOREMARGIN,PERSON1TYPE,PLAYER1_ID,PLAYER1_NAME,PLAYER1_TEAM_ID,PLAYER1_TEAM_CITY,PLAYER1_TEAM_NICKNAME,PLAYER1_TEAM_ABBREVIATION,PERSON2TYPE,PLAYER2_ID,PLAYER2_NAME,PLAYER2_TEAM_ID,PLAYER2_TEAM_CITY,PLAYER2_TEAM_NICKNAME,PLAYER2_TEAM_ABBREVIATION,PERSON3TYPE,PLAYER3_ID,PLAYER3_NAME,PLAYER3_TEAM_ID,PLAYER3_TEAM_CITY,PLAYER3_TEAM_NICKNAME,PLAYER3_TEAM_ABBREVIATION,VIDEO_AVAILABLE_FLAG
1020900069,0,12,0,1,10:05 PM,10:00,,Start of 1st Period (10:05 PM EST),,,,0,0,,,,,,0,0,,,,,,0,0,,,,,,0
1020900069,1,10,0,1,10:05 PM,10:00,Jump Ball T. Smith vs. Nan: Tip to Johnson,,,,,4,100236,Tangela Smith,1611661317.0,Phoenix,Mercury,PHO,5,101075,Chen Nan,1611661329.0,Chicago,Sky,CHI,4,101024,Temeka Johnson,1611661317.0,Phoenix,Mercury,PHO,0
1020900069,2,2,1,1,10:05 PM,9:47,MISS Johnson 19' Jump Shot,,,,,4,101024,Temeka Johnson,1611661317.0,Phoenix,Mercury,PHO,0,0,,,,,,0,0,,,,,,0
1020900069,3,4,0,1,10:05 PM,9:46,T. Smith REBOUND (Off:1 Def:0),,,,,4,100236,Tangela Smith,1611661317.0,Phoenix,Mercury,PHO,0,0,,,,,,0,0,,,,,,0
1020900069,4,1,1,1,10:05 PM,9:41,Taurasi 14' Jump Shot (2 PTS) (Pondexter 1 AST),,,0 - 2,2,4,100940,Diana Taurasi,1611661317.0,Phoenix,Mercury,PHO,4,200665,Cappie Pondexter,1611661317.0,Phoenix,Mercury,PHO,0,0,,,,,,0
1020900069,5,2,3,1,10:06 PM,9:20,,,MISS Nan 8' Hook Shot,,,5,101075,Chen Nan,1611661329.0,Chicago,Sky,CHI,0,0,,,,,,0,0,,,,,,0
1020900069,6,4,0,1,10:06 PM,9:20,Taurasi REBOUND (Off:0 Def:1),,,,,4,100940,Diana Taurasi,1611661317.0,Phoenix,Mercury,PHO,0,0,,,,,,0,0,,,,,,0
1020900069,7,1,1,1,10:06 PM,9:07,Taurasi 19' Jump Shot (4 PTS) (Willingham 1 AST),,,0 - 4,4,4,100940,Diana Taurasi,1611661317.0,Phoenix,Mercury,PHO,4,100973,Le'coe Willingham,1611661317.0,Phoenix,Mercury,PHO,0,0,,,,,,0
1020900069,8,2,1,1,10:06 PM,8:47,,,MISS Perkins 6' Jump Shot,,,5,100952,Jia Perkins,1611661329.0,Chicago,Sky,CHI,0,0,,,,,,0,0,,,,,,0
1020900069,9,4,0,1,10:06 PM,8:46,T. Smith REBOUND (Off:1 Def:1),,,,,4,100236,Tangela Smith,1611661317.0,Phoenix,Mercury,PHO,0,0,,,,,,0,0,,,,,,0
1020900069,10,1,5,1,10:07 PM,8:41,Taurasi Layup (6 PTS) (Willingham 2 AST),,,0 - 6,6,4,100940,Diana Taurasi,1611661317.0,Phoenix,Mercury,PHO,4,100973,Le'coe Willingham,1611661317.0,Phoenix,Mercury,PHO,0,0,,,,,,0
1020900069,11,9,1,1,10:07 PM,8:39,,,Sky Timeout: Regular (Reg.1 Short 0),,,3,1611661329,,,,,,0,0,,,,,,0,0,,,,,,0
1020900069,14,2,1,1,10:09 PM,8:20,,,MISS Canty 17' Jump Shot,,,5,100384,Dominique Canty,1611661329.0,Chicago,Sky,CHI,0,0,,,,,,0,0,,,,,,0
1020900069,15,4,0,1,10:09 PM,8:18,MERCURY Rebound,,,,,2,1611661317,,,,,,0,0,,,,,,0,0,,,,,,0
1020900069,16,1,1,1,10:10 PM,8:08,Pondexter 3PT Jump Shot (3 PTS) (Taurasi 1 AST),,,0 - 9,9,4,200665,Cappie Pondexter,1611661317.0,Phoenix,Mercury,PHO,4,100940,Diana Taurasi,1611661317.0,Phoenix,Mercury,PHO,0,0,,,,,,0
1020900069,17,2,1,1,10:10 PM,7:52,,,MISS Dupree 6' Jump Shot,,,5,200676,Candice Dupree,1611661329.0,Chicago,Sky,CHI,0,0,,,,,,0,0,,,,,,0
1020900069,18,4,0,1,10:10 PM,7:51,,,Dupree REBOUND (Off:1 Def:0),,,5,200676,Candice Dupree,1611661329.0,Chicago,Sky,CHI,0,0,,,,,,0,0,,,,,,0
1020900069,19,1,66,1,10:10 PM,7:42,,,Nan 6' Jump Bank Shot (2 PTS) (Wyckoff 1 AST),2 - 9,7,5,101075,Chen Nan,1611661329.0,Chicago,Sky,CHI,5,100667,Brooke Wyckoff,1611661329.0,Chicago,Sky,CHI,0,0,,,,,,0
1020900069,20,1,1,1,10:10 PM,7:33,T. Smith 3PT Jump Shot (3 PTS) (Pondexter 2 AST),,,2 - 12,10,4,100236,Tangela Smith,1611661317.0,Phoenix,Mercury,PHO,4,200665,Cappie Pondexter,1611661317.0,Phoenix,Mercury,PHO,0,0,,,,,,0
1020900069,21,2,1,1,10:10 PM,7:14,,,MISS Wyckoff 3PT Jump Shot,,,5,100667,Brooke Wyckoff,1611661329.0,Chicago,Sky,CHI,0,0,,,,,,0,0,,,,,,0
1020900069,22,4,0,1,10:10 PM,7:12,T. Smith REBOUND (Off:1 Def:2),,,,,4,100236,Tangela Smith,1611661317.0,Phoenix,Mercury,PHO,0,0,,,,,,0,0,,,,,,0
1020900069,23,1,1,1,10:11 PM,7:06,Taurasi 3PT Jump Shot (9 PTS),,,2 - 15,13,4,100940,Diana Taurasi,1611661317.0,Phoenix,Mercury,PHO,0,0,,,,,,0,0,,,,,,0
1020900069,24,2,1,1,10:11 PM,6:47,,,MISS Nan 10' Jump Shot,,,5,101075,Chen Nan,1611661329.0,Chicago,Sky,CHI,0,0,,,,,,0,0,,,,,,0
1020900069,25,4,0,1,10:11 PM,6:46,T. Smith REBOUND (Off:1 Def:3),,,,,4,100236,Tangela Smith,1611661317.0,Phoenix,Mercury,PHO,0,0,,,,,,0,0,,,,,,0
1020900069,26,6,1,1,10:11 PM,6:45,,,Nan P.FOUL (P1.T1),,,5,101075,Chen Nan,1611661329.0,Chicago,Sky,CHI,4,100236,Tangela Smith,1611661317.0,Phoenix,Mercury,PHO,1,0,,,,,,0
1020900069,27,8,0,1,10:11 PM,6:45,,,SUB: Ely-Gash FOR Nan,,,5,101075,Chen Nan,1611661329.0,Chicago,Sky,CHI,5,101032,Shyra Ely-Gash,1611661329.0,Chicago,Sky,CHI,0,0,,,,,,0
1020900069,28,2,5,1,10:11 PM,6:34,MISS Willingham Layup,,,,,4,100973,Le'coe Willingham,1611661317.0,Phoenix,Mercury,PHO,0,0,,,,,,0,0,,,,,,0
1020900069,29,4,0,1,10:11 PM,6:33,Willingham REBOUND (Off:1 Def:0),,,,,4,100973,Le'coe Willingham,1611661317.0,Phoenix,Mercury,PHO,0,0,,,,,,0,0,,,,,,0
1020900069,30,1,5,1,10:11 PM,6:33,Willingham Layup (2 PTS),,,2 - 17,15,4,100973,Le'coe Willingham,1611661317.0,Phoenix,Mercury,PHO,0,0,,,,,,0,0,,,,,,0
1020900069,31,6,2,1,10:11 PM,6:33,,,Canty S.FOUL (P1.T2),,,5,100384,Dominique Canty,1611661329.0,Chicago,Sky,CHI,4,100973,Le'coe Willingham,1611661317.0,Phoenix,Mercury,PHO,1,0,,,,,,0
1020900069,32,3,10,1,10:12 PM,6:33,Willingham Free Throw 1 of 1 (3 PTS),,,2 - 18,16,4,100973,Le'coe Willingham,1611661317.0,Phoenix,Mercury,PHO,0,0,,,,,,0,0,,,,,,0
1020900069,34,2,1,1,10:12 PM,6:16,,,MISS Perkins 3PT Jump Shot,,,5,100952,Jia Perkins,1611661329.0,Chicago,Sky,CHI,0,0,,,,,,0,0,,,,,,0
1020900069,35,4,0,1,10:12 PM,6:15,T. Smith REBOUND (Off:1 Def:4),,,,,4,100236,Tangela Smith,1611661317.0,Phoenix,Mercury,PHO,0,0,,,,,,0,0,,,,,,0
1020900069,36,1,1,1,10:12 PM,6:06,T. Smith 20' Jump Shot (5 PTS) (Johnson 1 AST),,,2 - 20,18,4,100236,Tangela Smith,1611661317.0,Phoenix,Mercury,PHO,4,101024,Temeka Johnson,1611661317.0,Phoenix,Mercury,PHO,0,0,,,,,,0
1020900069,37,9,1,1,10:12 PM,5:58,,,Sky Timeout: Regular (Reg.2 Short 0),,,3,1611661329,,,,,,0,0,,,,,,0,0,,,,,,0
1020900069,40,2,1,1,10:15 PM,5:51,Pondexter BLOCK (1 BLK),,MISS Canty 6' Jump Shot,,,5,100384,Dominique Canty,1611661329.0,Chicago,Sky,CHI,0,0,,,,,,4,200665,Cappie Pondexter,1611661317.0,Phoenix,Mercury,PHO,0
1020900069,41,4,0,1,10:15 PM,5:50,MERCURY Rebound,,,,,2,1611661317,,,,,,0,0,,,,,,0,0,,,,,,0
1020900069,42,6,2,1,10:15 PM,5:42,,,Canty S.FOUL (P2.T3),,,5,100384,Dominique Canty,1611661329.0,Chicago,Sky,CHI,4,101024,Temeka Johnson,1611661317.0,Phoenix,Mercury,PHO,1,0,,,,,,0
1020900069,43,3,11,1,10:15 PM,5:42,Johnson Free Throw 1 of 2 (1 PTS),,,2 - 21,19,4,101024,Temeka Johnson,1611661317.0,Phoenix,Mercury,PHO,0,0,,,,,,0,0,,,,,,0
1020900069,45,3,12,1,10:15 PM,5:42,Johnson Free Throw 2 of 2 (2 PTS),,,2 - 22,20,4,101024,Temeka Johnson,1611661317.0,Phoenix,Mercury,PHO,0,0,,,,,,0,0,,,,,,0
1020900069,47,1,1,1,10:16 PM,5:20,,,Perkins 10' Jump Shot (2 PTS),4 - 22,18,5,100952,Jia Perkins,1611661329.0,Chicago,Sky,CHI,0,0,,,,,,0,0,,,,,,0
1020900069,48,1,5,1,10:16 PM,5:15,Willingham Layup (5 PTS) (Johnson 2 AST),,,4 - 24,20,4,100973,Le'coe Willingham,1611661317.0,Phoenix,Mercury,PHO,4,101024,Temeka Johnson,1611661317.0,Phoenix,Mercury,PHO,0,0,,,,,,0
1020900069,49,2,66,1,10:16 PM,4:55,,,MISS Wyckoff 8' Jump Bank Shot,,,5,100667,Brooke Wyckoff,1611661329.0,Chicago,Sky,CHI,0,0,,,,,,0,0,,,,,,0
1020900069,50,4,0,1,10:16 PM,4:53,Taurasi REBOUND (Off:0 Def:2),,,,,4,100940,Diana Taurasi,1611661317.0,Phoenix,Mercury,PHO,0,0,,,,,,0,0,,,,,,0
1020900069,51,6,4,1,10:16 PM,4:46,Pondexter OFF.Foul (P1),,,,,4,200665,Cappie Pondexter,1611661317.0,Phoenix,Mercury,PHO,5,101032,Shyra Ely-Gash,1611661329.0,Chicago,Sky,CHI,1,0,,,,,,0
1020900069,52,5,5,1,10:16 PM,4:46,Pondexter Foul Turnover (P1.T1),,,,,4,200665,Cappie Pondexter,1611661317.0,Phoenix,Mercury,PHO,0,0,,,,,,1,0,,,,,,0
1020900069,53,8,0,1,10:17 PM,4:46,,,SUB: Herrington FOR Wyckoff,,,5,100667,Brooke Wyckoff,1611661329.0,Chicago,Sky,CHI,5,201048,Armintie Herrington,1611661329.0,Chicago,Sky,CHI,0,0,,,,,,0
1020900069,54,1,47,1,10:17 PM,4:31,,,Dupree 8' Turnaround Jump Shot (2 PTS),6 - 24,18,5,200676,Candice Dupree,1611661329.0,Chicago,Sky,CHI,0,0,,,,,,0,0,,,,,,0
1020900069,55,1,1,1,10:17 PM,4:18,Johnson 3PT Jump Shot (5 PTS) (T. Smith 1 AST),,,6 - 27,21,4,101024,Temeka Johnson,1611661317.0,Phoenix,Mercury,PHO,4,100236,Tangela Smith,1611661317.0,Phoenix,Mercury,PHO,0,0,,,,,,0
1020900069,56,6,1,1,10:17 PM,4:02,Pondexter P.FOUL (P2.T1),,,,,4,200665,Cappie Pondexter,1611661317.0,Phoenix,Mercury,PHO,5,200676,Candice Dupree,1611661329.0,Chicago,Sky,CHI,1,0,,,,,,0
1020900069,57,8,0,1,10:18 PM,4:02,SUB: Mazzante FOR Pondexter,,,,,4,200665,Cappie Pondexter,1611661317.0,Phoenix,Mercury,PHO,4,100920,Kelly Mazzante,1611661317.0,Phoenix,Mercury,PHO,0,0,,,,,,0
1020900069,58,2,1,1,10:18 PM,3:57,,,MISS Herrington 11' Jump Shot,,,5,201048,Armintie Herrington,1611661329.0,Chicago,Sky,CHI,0,0,,,,,,0,0,,,,,,0
1020900069,59,4,0,1,10:18 PM,3:56,Taurasi REBOUND (Off:0 Def:3),,,,,4,100940,Diana Taurasi,1611661317.0,Phoenix,Mercury,PHO,0,0,,,,,,0,0,,,,,,0
1020900069,60,5,1,1,10:18 PM,3:51,Taurasi Bad Pass Turnover (P1.T2),,,,,4,100940,Diana Taurasi,1611661317.0,Phoenix,Mercury,PHO,0,0,,,,,,0,0,,,,,,0
1020900069,61,8,0,1,10:18 PM,3:51,,,SUB: Sharp FOR Canty,,,5,100384,Dominique Canty,1611661329.0,Chicago,Sky,CHI,5,100834,K.B. Sharp,1611661329.0,Chicago,Sky,CHI,0,0,,,,,,0
1020900069,62,1,46,1,10:19 PM,3:32,,,Ely-Gash 6' Running Jump Shot (2 PTS),8 - 27,19,5,101032,Shyra Ely-Gash,1611661329.0,Chicago,Sky,CHI,0,0,,,,,,0,0,,,,,,0
1020900069,63,6,4,1,10:19 PM,3:26,Taurasi OFF.Foul (P1),,,,,4,100940,Diana Taurasi,1611661317.0,Phoenix,Mercury,PHO,5,201048,Armintie Herrington,1611661329.0,Chicago,Sky,CHI,1,0,,,,,,0
1020900069,64,5,5,1,10:19 PM,3:26,Taurasi Foul Turnover (P2.T3),,,,,4,100940,Diana Taurasi,1611661317.0,Phoenix,Mercury,PHO,0,0,,,,,,1,0,,,,,,0
1020900069,65,8,0,1,10:19 PM,3:26,SUB: Bonner FOR Willingham,,,,,4,100973,Le'coe Willingham,1611661317.0,Phoenix,Mercury,PHO,4,201886,DeWanna Bonner,1611661317.0,Phoenix,Mercury,PHO,0,0,,,,,,0
1020900069,66,8,0,1,10:19 PM,3:26,SUB: Ohlde FOR T. Smith,,,,,4,100236,Tangela Smith,1611661317.0,Phoenix,Mercury,PHO,4,100932,Nicole Ohlde,1611661317.0,Phoenix,Mercury,PHO,0,0,,,,,,0
1020900069,67,2,1,1,10:19 PM,3:06,,,MISS Perkins 10' Jump Shot,,,5,100952,Jia Perkins,1611661329.0,Chicago,Sky,CHI,0,0,,,,,,0,0,,,,,,0
1020900069,68,4,0,1,10:19 PM,3:05,,,Perkins REBOUND (Off:1 Def:0),,,5,100952,Jia Perkins,1611661329.0,Chicago,Sky,CHI,0,0,,,,,,0,0,,,,,,0
1020900069,69,6,2,1,10:20 PM,2:58,Ohlde S.FOUL (P1.T2),,,,,4,100932,Nicole Ohlde,1611661317.0,Phoenix,Mercury,PHO,5,200676,Candice Dupree,1611661329.0,Chicago,Sky,CHI,1,0,,,,,,0
1020900069,70,3,11,1,10:20 PM,2:58,,,MISS Dupree Free Throw 1 of 2,,,5,200676,Candice Dupree,1611661329.0,Chicago,Sky,CHI,0,0,,,,,,0,0,,,,,,0
1020900069,71,4,1,1,10:20 PM,2:58,,,Sky Rebound,,,3,1611661329,,,,,,0,0,,,,,,0,0,,,,,,0
1020900069,72,3,12,1,10:20 PM,2:58,,,Dupree Free Throw 2 of 2 (3 PTS),9 - 27,18,5,200676,Candice Dupree,1611661329.0,Chicago,Sky,CHI,0,0,,,,,,0,0,,,,,,0
1020900069,74,2,5,1,10:20 PM,2:51,MISS Bonner Layup,,,,,4,201886,DeWanna Bonner,1611661317.0,Phoenix,Mercury,PHO,0,0,,,,,,0,0,,,,,,0
1020900069,75,4,0,1,10:20 PM,2:50,,,Herrington REBOUND (Off:0 Def:1),,,5,201048,Armintie Herrington,1611661329.0,Chicago,Sky,CHI,0,0,,,,,,0,0,,,,,,0
1020900069,76,2,5,1,10:21 PM,2:40,Taurasi BLOCK (1 BLK),,MISS Perkins Layup,,,5,100952,Jia Perkins,1611661329.0,Chicago,Sky,CHI,0,0,,,,,,4,100940,Diana Taurasi,1611661317.0,Phoenix,Mercury,PHO,0
1020900069,77,4,0,1,10:21 PM,2:38,,,Dupree REBOUND (Off:2 Def:0),,,5,200676,Candice Dupree,1611661329.0,Chicago,Sky,CHI,0,0,,,,,,0,0,,,,,,0
1020900069,78,1,86,1,10:21 PM,2:34,,,Dupree 9' Turnaround Fadeaway (5 PTS),11 - 27,16,5,200676,Candice Dupree,1611661329.0,Chicago,Sky,CHI,0,0,,,,,,0,0,,,,,,0
1020900069,79,2,1,1,10:21 PM,2:25,MISS Mazzante 3PT Jump Shot,,,,,4,100920,Kelly Mazzante,1611661317.0,Phoenix,Mercury,PHO,0,0,,,,,,0,0,,,,,,0
1020900069,80,4,0,1,10:21 PM,2:24,,,Dupree REBOUND (Off:2 Def:1),,,5,200676,Candice Dupree,1611661329.0,Chicago,Sky,CHI,0,0,,,,,,0,0,,,,,,0
1020900069,81,1,42,1,10:21 PM,2:13,,,Sharp Driving Layup (2 PTS),13 - 27,14,5,100834,K.B. Sharp,1611661329.0,Chicago,Sky,CHI,0,0,,,,,,0,0,,,,,,0
1020900069,82,1,46,1,10:21 PM,1:56,Ohlde 4' Running Jump Shot (2 PTS),,,13 - 29,16,4,100932,Nicole Ohlde,1611661317.0,Phoenix,Mercury,PHO,0,0,,,,,,0,0,,,,,,0
1020900069,83,2,1,1,10:21 PM,1:43,,,MISS Dupree 13' Jump Shot,,,5,200676,Candice Dupree,1611661329.0,Chicago,Sky,CHI,0,0,,,,,,0,0,,,,,,0
1020900069,84,4,0,1,10:21 PM,1:42,Johnson REBOUND (Off:0 Def:1),,,,,4,101024,Temeka Johnson,1611661317.0,Phoenix,Mercury,PHO,0,0,,,,,,0,0,,,,,,0
1020900069,85,5,1,1,10:22 PM,1:37,Johnson Bad Pass Turnover (P1.T4),,Dupree STEAL (1 STL),,,4,101024,Temeka Johnson,1611661317.0,Phoenix,Mercury,PHO,5,200676,Candice Dupree,1611661329.0,Chicago,Sky,CHI,0,0,,,,,,0
1020900069,86,2,5,1,10:22 PM,1:23,,,MISS Ely-Gash Layup,,,5,101032,Shyra Ely-Gash,1611661329.0,Chicago,Sky,CHI,0,0,,,,,,0,0,,,,,,0
1020900069,87,4,0,1,10:22 PM,1:22,,,Ely-Gash REBOUND (Off:1 Def:0),,,5,101032,Shyra Ely-Gash,1611661329.0,Chicago,Sky,CHI,0,0,,,,,,0,0,,,,,,0
1020900069,88,2,5,1,10:22 PM,1:20,,,MISS Ely-Gash Layup,,,5,101032,Shyra Ely-Gash,1611661329.0,Chicago,Sky,CHI,0,0,,,,,,0,0,,,,,,0
1020900069,89,4,0,1,10:22 PM,1:20,Bonner REBOUND (Off:0 Def:1),,,,,4,201886,DeWanna Bonner,1611661317.0,Phoenix,Mercury,PHO,0,0,,,,,,0,0,,,,,,0
1020900069,90,2,47,1,10:22 PM,1:05,MISS Ohlde 11' Turnaround Jump Shot,,,,,4,100932,Nicole Ohlde,1611661317.0,Phoenix,Mercury,PHO,0,0,,,,,,0,0,,,,,,0
1020900069,91,4,0,1,10:22 PM,1:04,,,Dupree REBOUND (Off:2 Def:2),,,5,200676,Candice Dupree,1611661329.0,Chicago,Sky,CHI,0,0,,,,,,0,0,,,,,,0
1020900069,92,2,1,1,10:22 PM,0:54,,,MISS Sharp 3PT Jump Shot,,,5,100834,K.B. Sharp,1611661329.0,Chicago,Sky,CHI,0,0,,,,,,0,0,,,,,,0
1020900069,93,4,0,1,10:22 PM,0:53,Ohlde REBOUND (Off:0 Def:1),,,,,4,100932,Nicole Ohlde,1611661317.0,Phoenix,Mercury,PHO,0,0,,,,,,0,0,,,,,,0
1020900069,94,1,1,1,10:22 PM,0:46,Mazzante 3PT Jump Shot (3 PTS) (Taurasi 2 AST),,,13 - 32,19,4,100920,Kelly Mazzante,1611661317.0,Phoenix,Mercury,PHO,4,100940,Diana Taurasi,1611661317.0,Phoenix,Mercury,PHO,0,0,,,,,,0
1020900069,95,6,2,1,10:23 PM,0:28,Mazzante S.FOUL (P1.T3),,,,,4,100920,Kelly Mazzante,1611661317.0,Phoenix,Mercury,PHO,5,100952,Jia Perkins,1611661329.0,Chicago,Sky,CHI,1,0,,,,,,0
1020900069,97,3,11,1,10:23 PM,0:28,,,Perkins Free Throw 1 of 2 (3 PTS),14 - 32,18,5,100952,Jia Perkins,1611661329.0,Chicago,Sky,CHI,0,0,,,,,,0,0,,,,,,0
1020900069,99,8,0,1,10:23 PM,0:28,SUB: Swanier FOR Johnson,,,,,4,101024,Temeka Johnson,1611661317.0,Phoenix,Mercury,PHO,4,201484,Ketia Swanier,1611661317.0,Phoenix,Mercury,PHO,0,0,,,,,,0
1020900069,100,3,12,1,10:23 PM,0:28,,,Perkins Free Throw 2 of 2 (4 PTS),15 - 32,17,5,100952,Jia Perkins,1611661329.0,Chicago,Sky,CHI,0,0,,,,,,0,0,,,,,,0
1020900069,102,6,1,1,10:24 PM,0:10,,,Herrington P.FOUL (P1.T4),,,5,201048,Armintie Herrington,1611661329.0,Chicago,Sky,CHI,4,100940,Diana Taurasi,1611661317.0,Phoenix,Mercury,PHO,1,0,,,,,,0
1020900069,103,8,0,1,10:24 PM,0:10,,,SUB: Thorn FOR Perkins,,,5,100952,Jia Perkins,1611661329.0,Chicago,Sky,CHI,5,100835,Erin Thorn,1611661329.0,Chicago,Sky,CHI,0,0,,,,,,0
1020900069,104,6,2,1,10:24 PM,0:06,,,Herrington S.FOUL (P2.PN),,,5,201048,Armintie Herrington,1611661329.0,Chicago,Sky,CHI,4,201886,DeWanna Bonner,1611661317.0,Phoenix,Mercury,PHO,1,0,,,,,,0
1020900069,105,3,11,1,10:24 PM,0:06,Bonner Free Throw 1 of 2 (1 PTS),,,15 - 33,18,4,201886,DeWanna Bonner,1611661317.0,Phoenix,Mercury,PHO,0,0,,,,,,0,0,,,,,,0
1020900069,107,3,12,1,10:25 PM,0:06,Bonner Free Throw 2 of 2 (2 PTS),,,15 - 34,19,4,201886,DeWanna Bonner,1611661317.0,Phoenix,Mercury,PHO,0,0,,,,,,0,0,,,,,,0
1020900069,109,1,1,1,10:25 PM,0:00,,,Sharp 16' Jump Shot (4 PTS),17 - 34,17,5,100834,K.B. Sharp,1611661329.0,Chicago,Sky,CHI,0,0,,,,,,0,0,,,,,,0
1020900069,110,13,0,1,10:25 PM,0:00,,End of 1st Period (10:25 PM EST),,17 - 34,17,0,0,,,,,,0,0,,,,,,0,0,,,,,,0
1020900069,114,12,0,2,10:28 PM,10:00,,Start of 2nd Period (10:28 PM EST),,17 - 34,17,0,0,,,,,,0,0,,,,,,0,0,,,,,,0
1020900069,115,5,1,2,10:28 PM,9:40,,,Wyckoff Bad Pass Turnover (P1.T1),,,5,100667,Brooke Wyckoff,1611661329.0,Chicago,Sky,CHI,0,0,,,,,,0,0,,,,,,0
1020900069,116,2,5,2,10:29 PM,9:29,MISS Pondexter Layup,,,,,4,200665,Cappie Pondexter,1611661317.0,Phoenix,Mercury,PHO,0,0,,,,,,0,0,,,,,,0
1020900069,117,4,0,2,10:29 PM,9:28,Bonner REBOUND (Off:1 Def:1),,,,,4,201886,DeWanna Bonner,1611661317.0,Phoenix,Mercury,PHO,0,0,,,,,,0,0,,,,,,0
1020900069,118,1,1,2,10:29 PM,9:22,Pondexter 15' Jump Shot (5 PTS),,,17 - 36,19,4,200665,Cappie Pondexter,1611661317.0,Phoenix,Mercury,PHO,0,0,,,,,,0,0,,,,,,0
1020900069,119,2,3,2,10:29 PM,9:09,,,MISS Nan 6' Hook Shot,,,5,101075,Chen Nan,1611661329.0,Chicago,Sky,CHI,0,0,,,,,,0,0,,,,,,0
1020900069,120,4,0,2,10:29 PM,9:08,MERCURY Rebound,,,,,2,1611661317,,,,,,0,0,,,,,,0,0,,,,,,0
1020900069,121,5,1,2,10:30 PM,8:54,Swanier Bad Pass Turnover (P1.T5),,,,,4,201484,Ketia Swanier,1611661317.0,Phoenix,Mercury,PHO,0,0,,,,,,0,0,,,,,,0
1020900069,122,1,1,2,10:30 PM,8:39,,,Sharp 18' Jump Shot (6 PTS) (Herrington 1 AST),19 - 36,17,5,100834,K.B. Sharp,1611661329.0,Chicago,Sky,CHI,5,201048,Armintie Herrington,1611661329.0,Chicago,Sky,CHI,0,0,,,,,,0
1020900069,123,6,1,2,10:30 PM,8:26,,,Nan P.FOUL (P2.T1),,,5,101075,Chen Nan,1611661329.0,Chicago,Sky,CHI,4,100932,Nicole Ohlde,1611661317.0,Phoenix,Mercury,PHO,1,0,,,,,,0
1020900069,124,2,1,2,10:31 PM,8:22,MISS Swanier 3PT Jump Shot,,,,,4,201484,Ketia Swanier,1611661317.0,Phoenix,Mercury,PHO,0,0,,,,,,0,0,,,,,,0
1020900069,125,4,0,2,10:31 PM,8:21,Mazzante REBOUND (Off:1 Def:0),,,,,4,100920,Kelly Mazzante,1611661317.0,Phoenix,Mercury,PHO,0,0,,,,,,0,0,,,,,,0
1020900069,126,2,1,2,10:31 PM,8:06,MISS Bonner 6' Jump Shot,,,,,4,201886,DeWanna Bonner,1611661317.0,Phoenix,Mercury,PHO,0,0,,,,,,0,0,,,,,,0
1020900069,127,4,0,2,10:31 PM,8:04,,,Wyckoff REBOUND (Off:0 Def:1),,,5,100667,Brooke Wyckoff,1611661329.0,Chicago,Sky,CHI,0,0,,,,,,0,0,,,,,,0
1020900069,128,2,1,2,10:31 PM,7:41,,,MISS Thorn 8' Jump Shot,,,5,100835,Erin Thorn,1611661329.0,Chicago,Sky,CHI,0,0,,,,,,0,0,,,,,,0
1020900069,129,4,0,2,10:31 PM,7:40,Bonner REBOUND (Off:1 Def:2),,,,,4,201886,DeWanna Bonner,1611661317.0,Phoenix,Mercury,PHO,0,0,,,,,,0,0,,,,,,0
1020900069,130,1,1,2,10:32 PM,7:23,Pondexter 15' Jump Shot (7 PTS),,,19 - 38,19,4,200665,Cappie Pondexter,1611661317.0,Phoenix,Mercury,PHO,0,0,,,,,,0,0,,,,,,0
1020900069,131,5,4,2,10:32 PM,7:10,,,Thorn Traveling Turnover (P1.T2),,,5,100835,Erin Thorn,1611661329.0,Chicago,Sky,CHI,0,0,,,,,,1,0,,,,,,0
1020900069,132,8,0,2,10:32 PM,7:10,SUB: T. Smith FOR Bonner,,,,,4,201886,DeWanna Bonner,1611661317.0,Phoenix,Mercury,PHO,4,100236,Tangela Smith,1611661317.0,Phoenix,Mercury,PHO,0,0,,,,,,0
1020900069,133,8,0,2,10:32 PM,7:10,SUB: Willingham FOR Ohlde,,,,,4,100932,Nicole Ohlde,1611661317.0,Phoenix,Mercury,PHO,4,100973,Le'coe Willingham,1611661317.0,Phoenix,Mercury,PHO,0,0,,,,,,0
1020900069,134,2,1,2,10:32 PM,6:55,MISS T. Smith 3PT Jump Shot,,,,,4,100236,Tangela Smith,1611661317.0,Phoenix,Mercury,PHO,0,0,,,,,,0,0,,,,,,0
1020900069,135,4,0,2,10:32 PM,6:54,T. Smith REBOUND (Off:2 Def:4),,,,,4,100236,Tangela Smith,1611661317.0,Phoenix,Mercury,PHO,0,0,,,,,,0,0,,,,,,0
1020900069,136,2,1,2,10:32 PM,6:52,MISS T. Smith 9' Jump Shot,,,,,4,100236,Tangela Smith,1611661317.0,Phoenix,Mercury,PHO,0,0,,,,,,0,0,,,,,,0
1020900069,137,4,0,2,10:32 PM,6:51,,,Nan REBOUND (Off:0 Def:1),,,5,101075,Chen Nan,1611661329.0,Chicago,Sky,CHI,0,0,,,,,,0,0,,,,,,0
1020900069,138,2,1,2,10:33 PM,6:35,,,MISS Herrington 13' Jump Shot,,,5,201048,Armintie Herrington,1611661329.0,Chicago,Sky,CHI,0,0,,,,,,0,0,,,,,,0
1020900069,139,4,0,2,10:33 PM,6:34,Willingham REBOUND (Off:1 Def:1),,,,,4,100973,Le'coe Willingham,1611661317.0,Phoenix,Mercury,PHO,0,0,,,,,,0,0,,,,,,0
1020900069,140,1,66,2,10:33 PM,6:14,Willingham 6' Jump Bank Shot (7 PTS) (Pondexter 3 AST),,,19 - 40,21,4,100973,Le'coe Willingham,1611661317.0,Phoenix,Mercury,PHO,4,200665,Cappie Pondexter,1611661317.0,Phoenix,Mercury,PHO,0,0,,,,,,0
1020900069,141,1,1,2,10:33 PM,5:56,,,Thorn 3PT Jump Shot (3 PTS) (Herrington 2 AST),22 - 40,18,5,100835,Erin Thorn,1611661329.0,Chicago,Sky,CHI,5,201048,Armintie Herrington,1611661329.0,Chicago,Sky,CHI,0,0,,,,,,0
1020900069,142,2,5,2,10:33 PM,5:43,MISS Willingham Layup,,Wyckoff BLOCK (1 BLK),,,4,100973,Le'coe Willingham,1611661317.0,Phoenix,Mercury,PHO,0,0,,,,,,5,100667,Brooke Wyckoff,1611661329.0,Chicago,Sky,CHI,0
1020900069,143,4,0,2,10:34 PM,5:43,MERCURY Rebound,,,,,2,1611661317,,,,,,0,0,,,,,,0,0,,,,,,0
1020900069,144,9,1,2,10:34 PM,5:43,MERCURY Timeout: Regular (Full 1 Short 0),,,,,2,1611661317,,,,,,0,0,,,,,,0,0,,,,,,0
1020900069,146,8,0,2,10:36 PM,5:43,SUB: Taurasi FOR Mazzante,,,,,4,100920,Kelly Mazzante,1611661317.0,Phoenix,Mercury,PHO,4,100940,Diana Taurasi,1611661317.0,Phoenix,Mercury,PHO,0,0,,,,,,0
1020900069,147,8,0,2,10:36 PM,5:43,SUB: Johnson FOR Swanier,,,,,4,201484,Ketia Swanier,1611661317.0,Phoenix,Mercury,PHO,4,101024,Temeka Johnson,1611661317.0,Phoenix,Mercury,PHO,0,0,,,,,,0
1020900069,148,8,0,2,10:36 PM,5:43,,,SUB: Canty FOR Nan,,,5,101075,Chen Nan,1611661329.0,Chicago,Sky,CHI,5,100384,Dominique Canty,1611661329.0,Chicago,Sky,CHI,0,0,,,,,,0
1020900069,149,8,0,2,10:36 PM,5:43,,,SUB: Dupree FOR Herrington,,,5,201048,Armintie Herrington,1611661329.0,Chicago,Sky,CHI,5,200676,Candice Dupree,1611661329.0,Chicago,Sky,CHI,0,0,,,,,,0
1020900069,150,8,0,2,10:36 PM,5:43,,,SUB: Perkins FOR Sharp,,,5,100834,K.B. Sharp,1611661329.0,Chicago,Sky,CHI,5,100952,Jia Perkins,1611661329.0,Chicago,Sky,CHI,0,0,,,,,,0
1020900069,190,2,40,2,10:36 PM,5:37,MISS Willingham Layup,,,,,4,100973,Le'coe Willingham,1611661317.0,Phoenix,Mercury,PHO,0,0,,,,,,0,0,,,,,,0
1020900069,151,4,0,2,10:36 PM,5:37,,,Dupree REBOUND (Off:2 Def:3),,,5,200676,Candice Dupree,1611661329.0,Chicago,Sky,CHI,0,0,,,,,,0,0,,,,,,0
1020900069,152,2,47,2,10:37 PM,5:19,,,MISS Dupree 9' Turnaround Jump Shot,,,5,200676,Candice Dupree,1611661329.0,Chicago,Sky,CHI,0,0,,,,,,0,0,,,,,,0
1020900069,153,4,0,2,10:37 PM,5:18,T. Smith REBOUND (Off:2 Def:5),,,,,4,100236,Tangela Smith,1611661317.0,Phoenix,Mercury,PHO,0,0,,,,,,0,0,,,,,,0
1020900069,154,1,5,2,10:37 PM,5:10,Willingham Layup (9 PTS) (Pondexter 4 AST),,,22 - 42,20,4,100973,Le'coe Willingham,1611661317.0,Phoenix,Mercury,PHO,4,200665,Cappie Pondexter,1611661317.0,Phoenix,Mercury,PHO,0,0,,,,,,0
1020900069,155,6,1,2,10:37 PM,5:00,Johnson P.FOUL (P1.T1),,,,,4,101024,Temeka Johnson,1611661317.0,Phoenix,Mercury,PHO,5,100384,Dominique Canty,1611661329.0,Chicago,Sky,CHI,1,0,,,,,,0
1020900069,156,1,5,2,10:38 PM,4:44,,,Thorn Layup (5 PTS) (Dupree 1 AST),24 - 42,18,5,100835,Erin Thorn,1611661329.0,Chicago,Sky,CHI,5,200676,Candice Dupree,1611661329.0,Chicago,Sky,CHI,0,0,,,,,,0
1020900069,157,2,47,2,10:38 PM,4:22,MISS T. Smith 10' Turnaround Jump Shot,,,,,4,100236,Tangela Smith,1611661317.0,Phoenix,Mercury,PHO,0,0,,,,,,0,0,,,,,,0
1020900069,158,4,0,2,10:38 PM,4:21,,,Dupree REBOUND (Off:2 Def:4),,,5,200676,Candice Dupree,1611661329.0,Chicago,Sky,CHI,0,0,,,,,,0,0,,,,,,0
1020900069,159,2,1,2,10:38 PM,4:03,,,MISS Canty 9' Jump Shot,,,5,100384,Dominique Canty,1611661329.0,Chicago,Sky,CHI,0,0,,,,,,0,0,,,,,,0
1020900069,160,4,0,2,10:38 PM,4:02,T. Smith REBOUND (Off:2 Def:6),,,,,4,100236,Tangela Smith,1611661317.0,Phoenix,Mercury,PHO,0,0,,,,,,0,0,,,,,,0
1020900069,161,1,5,2,10:38 PM,3:58,Willingham Layup (11 PTS) (Pondexter 5 AST),,,24 - 44,20,4,100973,Le'coe Willingham,1611661317.0,Phoenix,Mercury,PHO,4,200665,Cappie Pondexter,1611661317.0,Phoenix,Mercury,PHO,0,0,,,,,,0
1020900069,162,2,1,2,10:39 PM,3:36,,,MISS Thorn 3PT Jump Shot,,,5,100835,Erin Thorn,1611661329.0,Chicago,Sky,CHI,0,0,,,,,,0,0,,,,,,0
1020900069,163,4,0,2,10:39 PM,3:35,,,Dupree REBOUND (Off:3 Def:4),,,5,200676,Candice Dupree,1611661329.0,Chicago,Sky,CHI,0,0,,,,,,0,0,,,,,,0
1020900069,164,2,1,2,10:39 PM,3:30,,,MISS Canty 15' Jump Shot,,,5,100384,Dominique Canty,1611661329.0,Chicago,Sky,CHI,0,0,,,,,,0,0,,,,,,0
1020900069,165,4,0,2,10:39 PM,3:29,Taurasi REBOUND (Off:0 Def:4),,,,,4,100940,Diana Taurasi,1611661317.0,Phoenix,Mercury,PHO,0,0,,,,,,0,0,,,,,,0
1020900069,166,6,1,2,10:39 PM,3:23,,,Thorn P.FOUL (P1.T2),,,5,100835,Erin Thorn,1611661329.0,Chicago,Sky,CHI,4,100940,Diana Taurasi,1611661317.0,Phoenix,Mercury,PHO,1,0,,,,,,0
1020900069,167,2,66,2,10:40 PM,3:18,MISS Willingham 7' Jump Bank Shot,,,,,4,100973,Le'coe Willingham,1611661317.0,Phoenix,Mercury,PHO,0,0,,,,,,0,0,,,,,,0
1020900069,168,4,0,2,10:40 PM,3:16,,,Dupree REBOUND (Off:3 Def:5),,,5,200676,Candice Dupree,1611661329.0,Chicago,Sky,CHI,0,0,,,,,,0,0,,,,,,0
1020900069,169,2,1,2,10:40 PM,3:08,,,MISS Perkins 3PT Jump Shot,,,5,100952,Jia Perkins,1611661329.0,Chicago,Sky,CHI,0,0,,,,,,0,0,,,,,,0
1020900069,170,4,0,2,10:40 PM,3:07,Pondexter REBOUND (Off:0 Def:1),,,,,4,200665,Cappie Pondexter,1611661317.0,Phoenix,Mercury,PHO,0,0,,,,,,0,0,,,,,,0
1020900069,171,2,5,2,10:40 PM,3:01,MISS Pondexter Layup,,,,,4,200665,Cappie Pondexter,1611661317.0,Phoenix,Mercury,PHO,0,0,,,,,,0,0,,,,,,0
1020900069,172,4,0,2,10:40 PM,3:00,T. Smith REBOUND (Off:3 Def:6),,,,,4,100236,Tangela Smith,1611661317.0,Phoenix,Mercury,PHO,0,0,,,,,,0,0,,,,,,0
1020900069,173,1,5,2,10:40 PM,2:59,T. Smith Layup (7 PTS),,,24 - 46,22,4,100236,Tangela Smith,1611661317.0,Phoenix,Mercury,PHO,0,0,,,,,,0,0,,,,,,0
1020900069,174,2,1,2,10:40 PM,2:38,,,MISS Perkins 11' Jump Shot,,,5,100952,Jia Perkins,1611661329.0,Chicago,Sky,CHI,0,0,,,,,,0,0,,,,,,0
1020900069,175,4,0,2,10:40 PM,2:37,Johnson REBOUND (Off:0 Def:2),,,,,4,101024,Temeka Johnson,1611661317.0,Phoenix,Mercury,PHO,0,0,,,,,,0,0,,,,,,0
1020900069,176,2,1,2,10:40 PM,2:31,MISS Pondexter 3PT Jump Shot,,,,,4,200665,Cappie Pondexter,1611661317.0,Phoenix,Mercury,PHO,0,0,,,,,,0,0,,,,,,0
1020900069,177,4,0,2,10:40 PM,2:30,,,Wyckoff REBOUND (Off:0 Def:2),,,5,100667,Brooke Wyckoff,1611661329.0,Chicago,Sky,CHI,0,0,,,,,,0,0,,,,,,0
1020900069,178,2,1,2,10:41 PM,2:12,,,MISS Perkins 14' Jump Shot,,,5,100952,Jia Perkins,1611661329.0,Chicago,Sky,CHI,0,0,,,,,,0,0,,,,,,0
1020900069,179,4,0,2,10:41 PM,2:11,,,Wyckoff REBOUND (Off:1 Def:2),,,5,100667,Brooke Wyckoff,1611661329.0,Chicago,Sky,CHI,0,0,,,,,,0,0,,,,,,0
1020900069,180,2,5,2,10:41 PM,2:09,,,MISS Wyckoff Layup,,,5,100667,Brooke Wyckoff,1611661329.0,Chicago,Sky,CHI,0,0,,,,,,0,0,,,,,,0
1020900069,185,4,0,2,10:41 PM,2:09,,,Wyckoff REBOUND (Off:2 Def:2),,,5,100667,Brooke Wyckoff,1611661329.0,Chicago,Sky,CHI,0,0,,,,,,0,0,,,,,,0
1020900069,181,2,5,2,10:41 PM,2:08,,,MISS Wyckoff Layup,,,5,100667,Brooke Wyckoff,1611661329.0,Chicago,Sky,CHI,0,0,,,,,,0,0,,,,,,0
1020900069,182,4,0,2,10:41 PM,2:08,,,Wyckoff REBOUND (Off:3 Def:2),,,5,100667,Brooke Wyckoff,1611661329.0,Chicago,Sky,CHI,0,0,,,,,,0,0,,,,,,0
1020900069,183,2,1,2,10:41 PM,2:04,,,MISS Thorn 3PT Jump Shot,,,5,100835,Erin Thorn,1611661329.0,Chicago,Sky,CHI,0,0,,,,,,0,0,,,,,,0
1020900069,184,4,0,2,10:41 PM,2:03,Taurasi REBOUND (Off:0 Def:5),,,,,4,100940,Diana Taurasi,1611661317.0,Phoenix,Mercury,PHO,0,0,,,,,,0,0,,,,,,0
1020900069,186,2,1,2,10:41 PM,1:44,MISS T. Smith 15' Jump Shot,,,,,4,100236,Tangela Smith,1611661317.0,Phoenix,Mercury,PHO,0,0,,,,,,0,0,,,,,,0
1020900069,187,4,0,2,10:41 PM,1:43,MERCURY Rebound,,,,,2,1611661317,,,,,,0,0,,,,,,0,0,,,,,,0
1020900069,188,9,1,2,10:41 PM,1:42,MERCURY Timeout: Regular (Full 2 Short 0),,,,,2,1611661317,,,,,,0,0,,,,,,0,0,,,,,,0
1020900069,191,8,0,2,10:43 PM,1:42,SUB: Ohlde FOR Willingham,,,,,4,100973,Le'coe Willingham,1611661317.0,Phoenix,Mercury,PHO,4,100932,Nicole Ohlde,1611661317.0,Phoenix,Mercury,PHO,0,0,,,,,,0
1020900069,192,8,0,2,10:43 PM,1:42,SUB: Bonner FOR T. Smith,,,,,4,100236,Tangela Smith,1611661317.0,Phoenix,Mercury,PHO,4,201886,DeWanna Bonner,1611661317.0,Phoenix,Mercury,PHO,0,0,,,,,,0
1020900069,193,8,0,2,10:44 PM,1:42,,,SUB: Ely-Gash FOR Wyckoff,,,5,100667,Brooke Wyckoff,1611661329.0,Chicago,Sky,CHI,5,101032,Shyra Ely-Gash,1611661329.0,Chicago,Sky,CHI,0,0,,,,,,0
1020900069,195,2,1,2,10:44 PM,1:35,MISS Bonner 11' Jump Shot,,Dupree BLOCK (1 BLK),,,4,201886,DeWanna Bonner,1611661317.0,Phoenix,Mercury,PHO,0,0,,,,,,5,200676,Candice Dupree,1611661329.0,Chicago,Sky,CHI,0
1020900069,196,4,0,2,10:44 PM,1:35,,,Ely-Gash REBOUND (Off:1 Def:1),,,5,101032,Shyra Ely-Gash,1611661329.0,Chicago,Sky,CHI,0,0,,,,,,0,0,,,,,,0
1020900069,202,6,4,2,10:45 PM,1:34,,,Dupree OFF.Foul (P1),,,5,200676,Candice Dupree,1611661329.0,Chicago,Sky,CHI,4,201886,DeWanna Bonner,1611661317.0,Phoenix,Mercury,PHO,1,0,,,,,,0
1020900069,215,5,37,2,10:45 PM,1:34,,,Dupree Offensive Foul Turnover (P1.T3),,,5,200676,Candice Dupree,1611661329.0,Chicago,Sky,CHI,0,0,,,,,,1,0,,,,,,0
1020900069,203,2,5,2,10:45 PM,1:30,MISS Ohlde Layup,,Dupree BLOCK (2 BLK),,,4,100932,Nicole Ohlde,1611661317.0,Phoenix,Mercury,PHO,0,0,,,,,,5,200676,Candice Dupree,1611661329.0,Chicago,Sky,CHI,0
1020900069,204,4,0,2,10:45 PM,1:28,,,Canty REBOUND (Off:0 Def:1),,,5,100384,Dominique Canty,1611661329.0,Chicago,Sky,CHI,0,0,,,,,,0,0,,,,,,0
1020900069,205,1,3,2,10:45 PM,1:12,,,Ely-Gash 6' Hook Shot (4 PTS),26 - 46,20,5,101032,Shyra Ely-Gash,1611661329.0,Chicago,Sky,CHI,0,0,,,,,,0,0,,,,,,0
1020900069,206,2,1,2,10:45 PM,0:54,MISS Johnson 19' Jump Shot,,,,,4,101024,Temeka Johnson,1611661317.0,Phoenix,Mercury,PHO,0,0,,,,,,0,0,,,,,,0
1020900069,207,4,0,2,10:45 PM,0:53,,,Ely-Gash REBOUND (Off:1 Def:2),,,5,101032,Shyra Ely-Gash,1611661329.0,Chicago,Sky,CHI,0,0,,,,,,0,0,,,,,,0
1020900069,208,1,1,2,10:46 PM,0:36,,,Perkins 16' Jump Shot (6 PTS),28 - 46,18,5,100952,Jia Perkins,1611661329.0,Chicago,Sky,CHI,0,0,,,,,,0,0,,,,,,0
1020900069,209,1,1,2,10:46 PM,0:15,Taurasi 15' Jump Shot (11 PTS),,,28 - 48,20,4,100940,Diana Taurasi,1611661317.0,Phoenix,Mercury,PHO,0,0,,,,,,0,0,,,,,,0
1020900069,210,1,1,2,10:46 PM,0:03,,,Dupree 9' Jump Shot (7 PTS) (Perkins 1 AST),30 - 48,18,5,200676,Candice Dupree,1611661329.0,Chicago,Sky,CHI,5,100952,Jia Perkins,1611661329.0,Chicago,Sky,CHI,0,0,,,,,,0
1020900069,211,2,1,2,10:46 PM,0:00,MISS Pondexter 40' 3PT Jump Shot,,,,,4,200665,Cappie Pondexter,1611661317.0,Phoenix,Mercury,PHO,0,0,,,,,,0,0,,,,,,0
1020900069,213,4,0,2,10:47 PM,0:00,MERCURY Rebound,,,,,2,1611661317,,,,,,0,0,,,,,,0,0,,,,,,0
1020900069,212,13,0,2,10:47 PM,0:00,,End of 2nd Period (10:47 PM EST),,30 - 48,18,0,0,,,,,,0,0,,,,,,0,0,,,,,,0
1020900069,216,12,0,3,11:02 PM,10:00,,Start of 3rd Period (11:02 PM EST),,30 - 48,18,0,0,,,,,,0,0,,,,,,0,0,,,,,,0
1020900069,217,1,5,3,11:02 PM,9:41,,,Perkins Layup (8 PTS),32 - 48,16,5,100952,Jia Perkins,1611661329.0,Chicago,Sky,CHI,0,0,,,,,,0,0,,,,,,0
1020900069,218,1,1,3,11:03 PM,9:28,Taurasi 3PT Jump Shot (14 PTS) (Pondexter 6 AST),,,32 - 51,19,4,100940,Diana Taurasi,1611661317.0,Phoenix,Mercury,PHO,4,200665,Cappie Pondexter,1611661317.0,Phoenix,Mercury,PHO,0,0,,,,,,0
1020900069,219,2,1,3,11:03 PM,9:10,Willingham BLOCK (1 BLK),,MISS Nan 8' Jump Shot,,,5,101075,Chen Nan,1611661329.0,Chicago,Sky,CHI,0,0,,,,,,4,100973,Le'coe Willingham,1611661317.0,Phoenix,Mercury,PHO,0
1020900069,220,4,0,3,11:03 PM,9:10,,,Sky Rebound,,,3,1611661329,,,,,,0,0,,,,,,0,0,,,,,,0
1020900069,221,2,1,3,11:03 PM,9:03,,,MISS Perkins 13' Jump Shot,,,5,100952,Jia Perkins,1611661329.0,Chicago,Sky,CHI,0,0,,,,,,0,0,,,,,,0
1020900069,222,4,0,3,11:03 PM,9:02,T. Smith REBOUND (Off:3 Def:7),,,,,4,100236,Tangela Smith,1611661317.0,Phoenix,Mercury,PHO,0,0,,,,,,0,0,,,,,,0
1020900069,223,2,1,3,11:04 PM,8:53,MISS Johnson 12' Jump Shot,,Perkins BLOCK (1 BLK),,,4,101024,Temeka Johnson,1611661317.0,Phoenix,Mercury,PHO,0,0,,,,,,5,100952,Jia Perkins,1611661329.0,Chicago,Sky,CHI,0
1020900069,224,4,0,3,11:04 PM,8:51,,,Perkins REBOUND (Off:1 Def:1),,,5,100952,Jia Perkins,1611661329.0,Chicago,Sky,CHI,0,0,,,,,,0,0,,,,,,0
1020900069,225,2,1,3,11:04 PM,8:42,,,MISS Wyckoff 3PT Jump Shot,,,5,100667,Brooke Wyckoff,1611661329.0,Chicago,Sky,CHI,0,0,,,,,,0,0,,,,,,0
1020900069,226,4,0,3,11:04 PM,8:41,Taurasi REBOUND (Off:0 Def:6),,,,,4,100940,Diana Taurasi,1611661317.0,Phoenix,Mercury,PHO,0,0,,,,,,0,0,,,,,,0
1020900069,227,2,1,3,11:04 PM,8:33,MISS Johnson 3PT Jump Shot,,,,,4,101024,Temeka Johnson,1611661317.0,Phoenix,Mercury,PHO,0,0,,,,,,0,0,,,,,,0
1020900069,228,4,0,3,11:04 PM,8:32,,,Nan REBOUND (Off:0 Def:2),,,5,101075,Chen Nan,1611661329.0,Chicago,Sky,CHI,0,0,,,,,,0,0,,,,,,0
1020900069,229,5,1,3,11:04 PM,8:20,Taurasi STEAL (1 STL),,Dupree Bad Pass Turnover (P2.T4),,,5,200676,Candice Dupree,1611661329.0,Chicago,Sky,CHI,4,100940,Diana Taurasi,1611661317.0,Phoenix,Mercury,PHO,0,0,,,,,,0
1020900069,230,5,2,3,11:04 PM,8:16,Johnson Lost Ball Turnover (P2.T6),,Wyckoff STEAL (1 STL),,,4,101024,Temeka Johnson,1611661317.0,Phoenix,Mercury,PHO,5,100667,Brooke Wyckoff,1611661329.0,Chicago,Sky,CHI,0,0,,,,,,0
1020900069,231,2,1,3,11:05 PM,8:02,,,MISS Nan 7' Jump Shot,,,5,101075,Chen Nan,1611661329.0,Chicago,Sky,CHI,0,0,,,,,,0,0,,,,,,0
1020900069,232,4,0,3,11:05 PM,8:01,Pondexter REBOUND (Off:0 Def:2),,,,,4,200665,Cappie Pondexter,1611661317.0,Phoenix,Mercury,PHO,0,0,,,,,,0,0,,,,,,0
1020900069,233,5,1,3,11:05 PM,7:54,T. Smith Bad Pass Turnover (P1.T7),,Dupree STEAL (2 STL),,,4,100236,Tangela Smith,1611661317.0,Phoenix,Mercury,PHO,5,200676,Candice Dupree,1611661329.0,Chicago,Sky,CHI,0,0,,,,,,0
1020900069,234,1,65,3,11:05 PM,7:41,,,Dupree 6' Jump Hook Shot (9 PTS),34 - 51,17,5,200676,Candice Dupree,1611661329.0,Chicago,Sky,CHI,0,0,,,,,,0,0,,,,,,0
1020900069,235,1,63,3,11:05 PM,7:30,Pondexter 16' Fadeaway Jumper (9 PTS),,,34 - 53,19,4,200665,Cappie Pondexter,1611661317.0,Phoenix,Mercury,PHO,0,0,,,,,,0,0,,,,,,0
1020900069,236,2,5,3,11:06 PM,7:10,T. Smith BLOCK (1 BLK),,MISS Canty Layup,,,5,100384,Dominique Canty,1611661329.0,Chicago,Sky,CHI,0,0,,,,,,4,100236,Tangela Smith,1611661317.0,Phoenix,Mercury,PHO,0
1020900069,237,4,0,3,11:06 PM,7:09,T. Smith REBOUND (Off:3 Def:8),,,,,4,100236,Tangela Smith,1611661317.0,Phoenix,Mercury,PHO,0,0,,,,,,0,0,,,,,,0
1020900069,238,1,5,3,11:06 PM,7:05,Pondexter Layup (11 PTS) (Taurasi 3 AST),,,34 - 55,21,4,200665,Cappie Pondexter,1611661317.0,Phoenix,Mercury,PHO,4,100940,Diana Taurasi,1611661317.0,Phoenix,Mercury,PHO,0,0,,,,,,0
1020900069,239,6,1,3,11:06 PM,6:49,Pondexter P.FOUL (P3.T1),,,,,4,200665,Cappie Pondexter,1611661317.0,Phoenix,Mercury,PHO,5,200676,Candice Dupree,1611661329.0,Chicago,Sky,CHI,1,0,,,,,,0
1020900069,240,8,0,3,11:06 PM,6:49,SUB: Swanier FOR Johnson,,,,,4,101024,Temeka Johnson,1611661317.0,Phoenix,Mercury,PHO,4,201484,Ketia Swanier,1611661317.0,Phoenix,Mercury,PHO,0,0,,,,,,0
1020900069,241,2,1,3,11:07 PM,6:37,Pondexter BLOCK (2 BLK),,MISS Dupree 11' Jump Shot,,,5,200676,Candice Dupree,1611661329.0,Chicago,Sky,CHI,0,0,,,,,,4,200665,Cappie Pondexter,1611661317.0,Phoenix,Mercury,PHO,0
1020900069,242,4,0,3,11:07 PM,6:37,,,Sky Rebound,,,3,1611661329,,,,,,0,0,,,,,,0,0,,,,,,0
1020900069,243,8,0,3,11:07 PM,6:37,SUB: Bonner FOR Willingham,,,,,4,100973,Le'coe Willingham,1611661317.0,Phoenix,Mercury,PHO,4,201886,DeWanna Bonner,1611661317.0,Phoenix,Mercury,PHO,0,0,,,,,,0
1020900069,244,1,1,3,11:07 PM,6:32,,,Dupree 19' Jump Shot (11 PTS),36 - 55,19,5,200676,Candice Dupree,1611661329.0,Chicago,Sky,CHI,0,0,,,,,,0,0,,,,,,0
1020900069,245,2,1,3,11:08 PM,6:18,MISS Taurasi 3PT Jump Shot,,,,,4,100940,Diana Taurasi,1611661317.0,Phoenix,Mercury,PHO,0,0,,,,,,0,0,,,,,,0
1020900069,246,4,0,3,11:08 PM,6:17,,,Canty REBOUND (Off:0 Def:2),,,5,100384,Dominique Canty,1611661329.0,Chicago,Sky,CHI,0,0,,,,,,0,0,,,,,,0
1020900069,249,6,1,3,11:08 PM,6:09,Taurasi P.FOUL (P2.T2),,,,,4,100940,Diana Taurasi,1611661317.0,Phoenix,Mercury,PHO,5,100952,Jia Perkins,1611661329.0,Chicago,Sky,CHI,1,0,,,,,,0
1020900069,251,8,0,3,11:08 PM,6:09,SUB: Ohlde FOR T. Smith,,,,,4,100236,Tangela Smith,1611661317.0,Phoenix,Mercury,PHO,4,100932,Nicole Ohlde,1611661317.0,Phoenix,Mercury,PHO,0,0,,,,,,0
1020900069,270,2,45,3,11:08 PM,6:02,,,MISS Perkins 16' Jump Shot,,,5,100952,Jia Perkins,1611661329.0,Chicago,Sky,CHI,0,0,,,,,,0,0,,,,,,0
1020900069,252,4,0,3,11:08 PM,6:02,MERCURY Rebound,,,,,2,1611661317,,,,,,0,0,,,,,,0,0,,,,,,0
1020900069,253,6,3,3,11:08 PM,6:02,,,Wyckoff L.B.FOUL (P1.T1),,,5,100667,Brooke Wyckoff,1611661329.0,Chicago,Sky,CHI,4,100932,Nicole Ohlde,1611661317.0,Phoenix,Mercury,PHO,1,0,,,,,,0
1020900069,254,5,1,3,11:09 PM,5:51,Taurasi Bad Pass Turnover (P3.T8),,Nan STEAL (1 STL),,,4,100940,Diana Taurasi,1611661317.0,Phoenix,Mercury,PHO,5,101075,Chen Nan,1611661329.0,Chicago,Sky,CHI,0,0,,,,,,0
1020900069,255,6,1,3,11:09 PM,5:45,Pondexter P.FOUL (P4.T3),,,,,4,200665,Cappie Pondexter,1611661317.0,Phoenix,Mercury,PHO,5,200676,Candice Dupree,1611661329.0,Chicago,Sky,CHI,1,0,,,,,,0
1020900069,256,1,1,3,11:09 PM,5:29,,,Dupree 16' Jump Shot (13 PTS),38 - 55,17,5,200676,Candice Dupree,1611661329.0,Chicago,Sky,CHI,0,0,,,,,,0,0,,,,,,0
1020900069,258,6,2,3,11:10 PM,5:07,,,Dupree S.FOUL (P2.T2),,,5,200676,Candice Dupree,1611661329.0,Chicago,Sky,CHI,4,201886,DeWanna Bonner,1611661317.0,Phoenix,Mercury,PHO,1,0,,,,,,0
1020900069,259,3,11,3,11:10 PM,5:07,Bonner Free Throw 1 of 2 (3 PTS),,,38 - 56,18,4,201886,DeWanna Bonner,1611661317.0,Phoenix,Mercury,PHO,0,0,,,,,,0,0,,,,,,0
1020900069,261,3,12,3,11:11 PM,5:07,Bonner Free Throw 2 of 2 (4 PTS),,,38 - 57,19,4,201886,DeWanna Bonner,1611661317.0,Phoenix,Mercury,PHO,0,0,,,,,,0,0,,,,,,0
1020900069,263,2,1,3,11:11 PM,4:55,,,MISS Dupree 8' Jump Shot,,,5,200676,Candice Dupree,1611661329.0,Chicago,Sky,CHI,0,0,,,,,,0,0,,,,,,0
1020900069,264,4,0,3,11:11 PM,4:54,Bonner REBOUND (Off:1 Def:3),,,,,4,201886,DeWanna Bonner,1611661317.0,Phoenix,Mercury,PHO,0,0,,,,,,0,0,,,,,,0
1020900069,265,2,5,3,11:11 PM,4:49,MISS Bonner Layup,,,,,4,201886,DeWanna Bonner,1611661317.0,Phoenix,Mercury,PHO,0,0,,,,,,0,0,,,,,,0
1020900069,266,4,0,3,11:11 PM,4:48,,,Dupree REBOUND (Off:3 Def:6),,,5,200676,Candice Dupree,1611661329.0,Chicago,Sky,CHI,0,0,,,,,,0,0,,,,,,0
1020900069,267,6,1,3,11:11 PM,4:47,Swanier P.FOUL (P1.T4),,,,,4,201484,Ketia Swanier,1611661317.0,Phoenix,Mercury,PHO,5,200676,Candice Dupree,1611661329.0,Chicago,Sky,CHI,1,0,,,,,,0
1020900069,268,9,4,3,11:11 PM,4:47,,Timeout: Official,,,,1,0,,,,,,0,0,,,,,,0,0,,,,,,0
1020900069,272,8,0,3,11:14 PM,4:47,SUB: Mazzante FOR Pondexter,,,,,4,200665,Cappie Pondexter,1611661317.0,Phoenix,Mercury,PHO,4,100920,Kelly Mazzante,1611661317.0,Phoenix,Mercury,PHO,0,0,,,,,,0
1020900069,273,8,0,3,11:14 PM,4:47,,,SUB: Herrington FOR Wyckoff,,,5,100667,Brooke Wyckoff,1611661329.0,Chicago,Sky,CHI,5,201048,Armintie Herrington,1611661329.0,Chicago,Sky,CHI,0,0,,,,,,0
1020900069,275,2,1,3,11:16 PM,4:32,,,MISS Perkins 3PT Jump Shot,,,5,100952,Jia Perkins,1611661329.0,Chicago,Sky,CHI,0,0,,,,,,0,0,,,,,,0
1020900069,276,4,0,3,11:16 PM,4:31,Bonner REBOUND (Off:1 Def:4),,,,,4,201886,DeWanna Bonner,1611661317.0,Phoenix,Mercury,PHO,0,0,,,,,,0,0,,,,,,0
1020900069,277,1,5,3,11:16 PM,4:13,Ohlde Layup (4 PTS),,,38 - 59,21,4,100932,Nicole Ohlde,1611661317.0,Phoenix,Mercury,PHO,0,0,,,,,,0,0,,,,,,0
1020900069,278,2,5,3,11:17 PM,3:47,,,MISS Canty Layup,,,5,100384,Dominique Canty,1611661329.0,Chicago,Sky,CHI,0,0,,,,,,0,0,,,,,,0
1020900069,279,4,0,3,11:17 PM,3:46,Swanier REBOUND (Off:0 Def:1),,,,,4,201484,Ketia Swanier,1611661317.0,Phoenix,Mercury,PHO,0,0,,,,,,0,0,,,,,,0
1020900069,280,8,0,3,11:17 PM,3:41,,,SUB: Toliver FOR Canty,,,5,100384,Dominique Canty,1611661329.0,Chicago,Sky,CHI,5,201911,Kristi Toliver,1611661329.0,Chicago,Sky,CHI,0,0,,,,,,0
1020900069,281,2,1,3,11:17 PM,3:35,MISS Taurasi 15' Jump Shot,,,,,4,100940,Diana Taurasi,1611661317.0,Phoenix,Mercury,PHO,0,0,,,,,,0,0,,,,,,0
1020900069,282,4,0,3,11:17 PM,3:33,Bonner REBOUND (Off:2 Def:4),,,,,4,201886,DeWanna Bonner,1611661317.0,Phoenix,Mercury,PHO,0,0,,,,,,0,0,,,,,,0
1020900069,283,1,5,3,11:18 PM,3:22,Bonner Layup (6 PTS) (Swanier 1 AST),,,38 - 61,23,4,201886,DeWanna Bonner,1611661317.0,Phoenix,Mercury,PHO,4,201484,Ketia Swanier,1611661317.0,Phoenix,Mercury,PHO,0,0,,,,,,0
1020900069,284,1,1,3,11:18 PM,3:05,,,Perkins 13' Jump Shot (10 PTS),40 - 61,21,5,100952,Jia Perkins,1611661329.0,Chicago,Sky,CHI,0,0,,,,,,0,0,,,,,,0
1020900069,285,2,5,3,11:18 PM,2:57,MISS Bonner Layup,,Dupree BLOCK (3 BLK),,,4,201886,DeWanna Bonner,1611661317.0,Phoenix,Mercury,PHO,0,0,,,,,,5,200676,Candice Dupree,1611661329.0,Chicago,Sky,CHI,0
1020900069,286,4,0,3,11:18 PM,2:55,,,Nan REBOUND (Off:0 Def:3),,,5,101075,Chen Nan,1611661329.0,Chicago,Sky,CHI,0,0,,,,,,0,0,,,,,,0
1020900069,287,6,2,3,11:18 PM,2:48,Bonner S.FOUL (P1.PN),,,,,4,201886,DeWanna Bonner,1611661317.0,Phoenix,Mercury,PHO,5,200676,Candice Dupree,1611661329.0,Chicago,Sky,CHI,1,0,,,,,,0
1020900069,288,3,11,3,11:18 PM,2:48,,,Dupree Free Throw 1 of 2 (14 PTS),41 - 61,20,5,200676,Candice Dupree,1611661329.0,Chicago,Sky,CHI,0,0,,,,,,0,0,,,,,,0
1020900069,290,3,12,3,11:19 PM,2:48,,,Dupree Free Throw 2 of 2 (15 PTS),42 - 61,19,5,200676,Candice Dupree,1611661329.0,Chicago,Sky,CHI,0,0,,,,,,0,0,,,,,,0
1020900069,292,7,5,3,11:19 PM,2:41,,,Nan Violation:Kicked Ball,,,5,101075,Chen Nan,1611661329.0,Chicago,Sky,CHI,0,0,,,,,,1,0,,,,,,0
1020900069,293,2,44,3,11:19 PM,2:37,MISS Ohlde Reverse Layup,,,,,4,100932,Nicole Ohlde,1611661317.0,Phoenix,Mercury,PHO,0,0,,,,,,0,0,,,,,,0
1020900069,294,4,0,3,11:19 PM,2:36,,,Perkins REBOUND (Off:1 Def:2),,,5,100952,Jia Perkins,1611661329.0,Chicago,Sky,CHI,0,0,,,,,,0,0,,,,,,0
1020900069,295,2,1,3,11:19 PM,2:29,,,MISS Toliver 19' Jump Shot,,,5,201911,Kristi Toliver,1611661329.0,Chicago,Sky,CHI,0,0,,,,,,0,0,,,,,,0
1020900069,296,4,0,3,11:19 PM,2:28,,,Nan REBOUND (Off:1 Def:3),,,5,101075,Chen Nan,1611661329.0,Chicago,Sky,CHI,0,0,,,,,,0,0,,,,,,0
1020900069,297,1,5,3,11:19 PM,2:27,,,Nan Layup (4 PTS),44 - 61,17,5,101075,Chen Nan,1611661329.0,Chicago,Sky,CHI,0,0,,,,,,0,0,,,,,,0
1020900069,298,6,2,3,11:20 PM,2:11,,,Perkins S.FOUL (P1.T3),,,5,100952,Jia Perkins,1611661329.0,Chicago,Sky,CHI,4,100940,Diana Taurasi,1611661317.0,Phoenix,Mercury,PHO,1,0,,,,,,0
1020900069,299,8,0,3,11:20 PM,2:11,SUB: T. Smith FOR Ohlde,,,,,4,100932,Nicole Ohlde,1611661317.0,Phoenix,Mercury,PHO,4,100236,Tangela Smith,1611661317.0,Phoenix,Mercury,PHO,0,0,,,,,,0
1020900069,300,8,0,3,11:20 PM,2:11,SUB: Johnson FOR Swanier,,,,,4,201484,Ketia Swanier,1611661317.0,Phoenix,Mercury,PHO,4,101024,Temeka Johnson,1611661317.0,Phoenix,Mercury,PHO,0,0,,,,,,0
1020900069,301,3,11,3,11:20 PM,2:11,Taurasi Free Throw 1 of 2 (15 PTS),,,44 - 62,18,4,100940,Diana Taurasi,1611661317.0,Phoenix,Mercury,PHO,0,0,,,,,,0,0,,,,,,0
1020900069,303,3,12,3,11:20 PM,2:11,Taurasi Free Throw 2 of 2 (16 PTS),,,44 - 63,19,4,100940,Diana Taurasi,1611661317.0,Phoenix,Mercury,PHO,0,0,,,,,,0,0,,,,,,0
1020900069,305,1,5,3,11:21 PM,1:52,,,Dupree Layup (17 PTS),46 - 63,17,5,200676,Candice Dupree,1611661329.0,Chicago,Sky,CHI,0,0,,,,,,0,0,,,,,,0
1020900069,306,6,2,3,11:21 PM,1:52,Mazzante S.FOUL (P2.PN),,,,,4,100920,Kelly Mazzante,1611661317.0,Phoenix,Mercury,PHO,5,200676,Candice Dupree,1611661329.0,Chicago,Sky,CHI,1,0,,,,,,0
1020900069,307,8,0,3,11:21 PM,1:52,SUB: Pondexter FOR Taurasi,,,,,4,100940,Diana Taurasi,1611661317.0,Phoenix,Mercury,PHO,4,200665,Cappie Pondexter,1611661317.0,Phoenix,Mercury,PHO,0,0,,,,,,0
1020900069,308,3,10,3,11:21 PM,1:52,,,MISS Dupree Free Throw 1 of 1,,,5,200676,Candice Dupree,1611661329.0,Chicago,Sky,CHI,0,0,,,,,,0,0,,,,,,0
1020900069,310,4,0,3,11:21 PM,1:52,T. Smith REBOUND (Off:3 Def:9),,,,,4,100236,Tangela Smith,1611661317.0,Phoenix,Mercury,PHO,0,0,,,,,,0,0,,,,,,0
1020900069,311,2,1,3,11:21 PM,1:44,MISS T. Smith 13' Jump Shot,,,,,4,100236,Tangela Smith,1611661317.0,Phoenix,Mercury,PHO,0,0,,,,,,0,0,,,,,,0
1020900069,312,4,0,3,11:21 PM,1:43,,,Perkins REBOUND (Off:1 Def:3),,,5,100952,Jia Perkins,1611661329.0,Chicago,Sky,CHI,0,0,,,,,,0,0,,,,,,0
1020900069,313,1,1,3,11:22 PM,1:36,,,Toliver 18' Jump Shot (2 PTS),48 - 63,15,5,201911,Kristi Toliver,1611661329.0,Chicago,Sky,CHI,0,0,,,,,,0,0,,,,,,0
1020900069,314,1,66,3,11:22 PM,1:22,Pondexter 5' Jump Bank Shot (13 PTS),,,48 - 65,17,4,200665,Cappie Pondexter,1611661317.0,Phoenix,Mercury,PHO,0,0,,,,,,0,0,,,,,,0
1020900069,315,6,2,3,11:22 PM,1:22,,,Toliver S.FOUL (P1.T4),,,5,201911,Kristi Toliver,1611661329.0,Chicago,Sky,CHI,4,200665,Cappie Pondexter,1611661317.0,Phoenix,Mercury,PHO,1,0,,,,,,0
1020900069,316,3,10,3,11:22 PM,1:22,MISS Pondexter Free Throw 1 of 1,,,,,4,200665,Cappie Pondexter,1611661317.0,Phoenix,Mercury,PHO,0,0,,,,,,0,0,,,,,,0
1020900069,318,4,0,3,11:22 PM,1:20,,,Nan REBOUND (Off:1 Def:4),,,5,101075,Chen Nan,1611661329.0,Chicago,Sky,CHI,0,0,,,,,,0,0,,,,,,0
1020900069,319,2,1,3,11:22 PM,1:09,,,MISS Perkins 14' Jump Shot,,,5,100952,Jia Perkins,1611661329.0,Chicago,Sky,CHI,0,0,,,,,,0,0,,,,,,0
1020900069,320,4,0,3,11:22 PM,1:08,T. Smith REBOUND (Off:3 Def:10),,,,,4,100236,Tangela Smith,1611661317.0,Phoenix,Mercury,PHO,0,0,,,,,,0,0,,,,,,0
1020900069,321,8,0,3,11:23 PM,1:04,,,SUB: Wyckoff FOR Nan,,,5,101075,Chen Nan,1611661329.0,Chicago,Sky,CHI,5,100667,Brooke Wyckoff,1611661329.0,Chicago,Sky,CHI,0,0,,,,,,0
1020900069,322,1,5,3,11:23 PM,0:54,Bonner Layup (8 PTS) (Johnson 3 AST),,,48 - 67,19,4,201886,DeWanna Bonner,1611661317.0,Phoenix,Mercury,PHO,4,101024,Temeka Johnson,1611661317.0,Phoenix,Mercury,PHO,0,0,,,,,,0
1020900069,323,6,2,3,11:23 PM,0:47,Johnson S.FOUL (P2.PN),,,,,4,101024,Temeka Johnson,1611661317.0,Phoenix,Mercury,PHO,5,200676,Candice Dupree,1611661329.0,Chicago,Sky,CHI,1,0,,,,,,0
1020900069,324,8,0,3,11:23 PM,0:47,,,SUB: Thorn FOR Perkins,,,5,100952,Jia Perkins,1611661329.0,Chicago,Sky,CHI,5,100835,Erin Thorn,1611661329.0,Chicago,Sky,CHI,0,0,,,,,,0
1020900069,325,3,11,3,11:24 PM,0:47,,,MISS Dupree Free Throw 1 of 2,,,5,200676,Candice Dupree,1611661329.0,Chicago,Sky,CHI,0,0,,,,,,0,0,,,,,,0
1020900069,326,4,1,3,11:24 PM,0:47,,,Sky Rebound,,,3,1611661329,,,,,,0,0,,,,,,0,0,,,,,,0
1020900069,327,3,12,3,11:24 PM,0:47,,,Dupree Free Throw 2 of 2 (18 PTS),49 - 67,18,5,200676,Candice Dupree,1611661329.0,Chicago,Sky,CHI,0,0,,,,,,0,0,,,,,,0
1020900069,329,2,5,3,11:24 PM,0:38,MISS Bonner Layup,,,,,4,201886,DeWanna Bonner,1611661317.0,Phoenix,Mercury,PHO,0,0,,,,,,0,0,,,,,,0
1020900069,330,4,0,3,11:24 PM,0:37,,,Sky Rebound,,,3,1611661329,,,,,,0,0,,,,,,0,0,,,,,,0
1020900069,331,6,3,3,11:24 PM,0:37,Bonner L.B.FOUL (P2.PN),,,,,4,201886,DeWanna Bonner,1611661317.0,Phoenix,Mercury,PHO,5,100667,Brooke Wyckoff,1611661329.0,Chicago,Sky,CHI,1,0,,,,,,0
1020900069,332,3,11,3,11:24 PM,0:37,,,Wyckoff Free Throw 1 of 2 (1 PTS),50 - 67,17,5,100667,Brooke Wyckoff,1611661329.0,Chicago,Sky,CHI,0,0,,,,,,0,0,,,,,,0
1020900069,334,3,12,3,11:25 PM,0:37,,,Wyckoff Free Throw 2 of 2 (2 PTS),51 - 67,16,5,100667,Brooke Wyckoff,1611661329.0,Chicago,Sky,CHI,0,0,,,,,,0,0,,,,,,0
1020900069,336,2,1,3,11:25 PM,0:20,MISS Pondexter 18' Jump Shot,,,,,4,200665,Cappie Pondexter,1611661317.0,Phoenix,Mercury,PHO,0,0,,,,,,0,0,,,,,,0
1020900069,337,4,0,3,11:25 PM,0:19,,,Thorn REBOUND (Off:0 Def:1),,,5,100835,Erin Thorn,1611661329.0,Chicago,Sky,CHI,0,0,,,,,,0,0,,,,,,0
1020900069,338,5,2,3,11:26 PM,0:00,Johnson STEAL (1 STL),,Dupree Lost Ball Turnover (P3.T5),,,5,200676,Candice Dupree,1611661329.0,Chicago,Sky,CHI,4,101024,Temeka Johnson,1611661317.0,Phoenix,Mercury,PHO,0,0,,,,,,0
1020900069,339,2,1,3,11:26 PM,0:00,MISS Johnson 69' 3PT Jump Shot,,,,,4,101024,Temeka Johnson,1611661317.0,Phoenix,Mercury,PHO,0,0,,,,,,0,0,,,,,,0
1020900069,341,4,0,3,11:26 PM,0:00,MERCURY Rebound,,,,,2,1611661317,,,,,,0,0,,,,,,0,0,,,,,,0
1020900069,340,13,0,3,11:26 PM,0:00,,End of 3rd Period (11:26 PM EST),,51 - 67,16,0,0,,,,,,0,0,,,,,,0,0,,,,,,0
1020900069,345,12,0,4,11:29 PM,10:00,,Start of 4th Period (11:29 PM EST),,51 - 67,16,0,0,,,,,,0,0,,,,,,0,0,,,,,,0
1020900069,346,1,1,4,11:29 PM,9:39,Pondexter 3PT Jump Shot (16 PTS) (Johnson 4 AST),,,51 - 70,19,4,200665,Cappie Pondexter,1611661317.0,Phoenix,Mercury,PHO,4,101024,Temeka Johnson,1611661317.0,Phoenix,Mercury,PHO,0,0,,,,,,0
1020900069,347,2,1,4,11:29 PM,9:22,,,MISS Herrington 14' Jump Shot,,,5,201048,Armintie Herrington,1611661329.0,Chicago,Sky,CHI,0,0,,,,,,0,0,,,,,,0
1020900069,348,4,0,4,11:29 PM,9:21,Johnson REBOUND (Off:0 Def:3),,,,,4,101024,Temeka Johnson,1611661317.0,Phoenix,Mercury,PHO,0,0,,,,,,0,0,,,,,,0
1020900069,349,5,1,4,11:30 PM,9:16,Johnson Bad Pass Turnover (P3.T9),,,,,4,101024,Temeka Johnson,1611661317.0,Phoenix,Mercury,PHO,0,0,,,,,,0,0,,,,,,0
1020900069,350,1,1,4,11:30 PM,9:01,,,Dupree 4' Jump Shot (20 PTS),53 - 70,17,5,200676,Candice Dupree,1611661329.0,Chicago,Sky,CHI,0,0,,,,,,0,0,,,,,,0
1020900069,351,2,1,4,11:30 PM,8:51,MISS T. Smith 3PT Jump Shot,,,,,4,100236,Tangela Smith,1611661317.0,Phoenix,Mercury,PHO,0,0,,,,,,0,0,,,,,,0
1020900069,352,4,0,4,11:30 PM,8:50,,,Wyckoff REBOUND (Off:3 Def:3),,,5,100667,Brooke Wyckoff,1611661329.0,Chicago,Sky,CHI,0,0,,,,,,0,0,,,,,,0
1020900069,353,6,1,4,11:30 PM,8:41,Willingham P.FOUL (P1.T1),,,,,4,100973,Le'coe Willingham,1611661317.0,Phoenix,Mercury,PHO,5,200676,Candice Dupree,1611661329.0,Chicago,Sky,CHI,1,0,,,,,,0
1020900069,354,2,1,4,11:31 PM,8:26,,,MISS Toliver 17' Jump Shot,,,5,201911,Kristi Toliver,1611661329.0,Chicago,Sky,CHI,0,0,,,,,,0,0,,,,,,0
1020900069,355,4,0,4,11:31 PM,8:25,Taurasi REBOUND (Off:0 Def:7),,,,,4,100940,Diana Taurasi,1611661317.0,Phoenix,Mercury,PHO,0,0,,,,,,0,0,,,,,,0
1020900069,356,6,1,4,11:31 PM,8:24,,,Thorn P.FOUL (P2.T1),,,5,100835,Erin Thorn,1611661329.0,Chicago,Sky,CHI,4,100940,Diana Taurasi,1611661317.0,Phoenix,Mercury,PHO,1,0,,,,,,0
1020900069,357,8,0,4,11:31 PM,8:24,,,SUB: Sharp FOR Toliver,,,5,201911,Kristi Toliver,1611661329.0,Chicago,Sky,CHI,5,100834,K.B. Sharp,1611661329.0,Chicago,Sky,CHI,0,0,,,,,,0
1020900069,358,2,1,4,11:31 PM,8:13,MISS Johnson 3PT Jump Shot,,,,,4,101024,Temeka Johnson,1611661317.0,Phoenix,Mercury,PHO,0,0,,,,,,0,0,,,,,,0
1020900069,360,4,0,4,11:31 PM,8:10,Taurasi REBOUND (Off:1 Def:7),,,,,4,100940,Diana Taurasi,1611661317.0,Phoenix,Mercury,PHO,0,0,,,,,,0,0,,,,,,0
1020900069,359,1,5,4,11:31 PM,8:10,Taurasi Layup (18 PTS),,,53 - 72,19,4,100940,Diana Taurasi,1611661317.0,Phoenix,Mercury,PHO,0,0,,,,,,0,0,,,,,,0
1020900069,361,2,1,4,11:32 PM,7:52,,,MISS Wyckoff 9' Jump Shot,,,5,100667,Brooke Wyckoff,1611661329.0,Chicago,Sky,CHI,0,0,,,,,,0,0,,,,,,0
1020900069,362,4,0,4,11:32 PM,7:51,Taurasi REBOUND (Off:1 Def:8),,,,,4,100940,Diana Taurasi,1611661317.0,Phoenix,Mercury,PHO,0,0,,,,,,0,0,,,,,,0
1020900069,363,6,2,4,11:32 PM,7:41,,,Wyckoff S.FOUL (P2.T2),,,5,100667,Brooke Wyckoff,1611661329.0,Chicago,Sky,CHI,4,100236,Tangela Smith,1611661317.0,Phoenix,Mercury,PHO,1,0,,,,,,0
1020900069,364,3,11,4,11:32 PM,7:41,T. Smith Free Throw 1 of 2 (8 PTS),,,53 - 73,20,4,100236,Tangela Smith,1611661317.0,Phoenix,Mercury,PHO,0,0,,,,,,0,0,,,,,,0
1020900069,366,3,12,4,11:33 PM,7:41,T. Smith Free Throw 2 of 2 (9 PTS),,,53 - 74,21,4,100236,Tangela Smith,1611661317.0,Phoenix,Mercury,PHO,0,0,,,,,,0,0,,,,,,0
1020900069,368,2,1,4,11:33 PM,7:29,,,MISS Dupree 3PT Jump Shot,,,5,200676,Candice Dupree,1611661329.0,Chicago,Sky,CHI,0,0,,,,,,0,0,,,,,,0
1020900069,369,4,0,4,11:33 PM,7:29,MERCURY Rebound,,,,,2,1611661317,,,,,,0,0,,,,,,0,0,,,,,,0
1020900069,370,2,1,4,11:34 PM,7:12,MISS Johnson 3PT Jump Shot,,,,,4,101024,Temeka Johnson,1611661317.0,Phoenix,Mercury,PHO,0,0,,,,,,0,0,,,,,,0
1020900069,371,4,0,4,11:34 PM,7:11,Willingham REBOUND (Off:2 Def:1),,,,,4,100973,Le'coe Willingham,1611661317.0,Phoenix,Mercury,PHO,0,0,,,,,,0,0,,,,,,0
1020900069,372,2,5,4,11:34 PM,7:10,MISS Willingham Layup,,,,,4,100973,Le'coe Willingham,1611661317.0,Phoenix,Mercury,PHO,0,0,,,,,,0,0,,,,,,0
1020900069,374,4,0,4,11:34 PM,7:09,Willingham REBOUND (Off:3 Def:1),,,,,4,100973,Le'coe Willingham,1611661317.0,Phoenix,Mercury,PHO,0,0,,,,,,0,0,,,,,,0
1020900069,373,2,5,4,11:34 PM,7:09,MISS Willingham Layup,,,,,4,100973,Le'coe Willingham,1611661317.0,Phoenix,Mercury,PHO,0,0,,,,,,0,0,,,,,,0
1020900069,375,4,0,4,11:34 PM,7:08,,,Dupree REBOUND (Off:3 Def:7),,,5,200676,Candice Dupree,1611661329.0,Chicago,Sky,CHI,0,0,,,,,,0,0,,,,,,0
1020900069,376,2,1,4,11:34 PM,6:52,Johnson BLOCK (1 BLK),,MISS Sharp 7' Jump Shot,,,5,100834,K.B. Sharp,1611661329.0,Chicago,Sky,CHI,0,0,,,,,,4,101024,Temeka Johnson,1611661317.0,Phoenix,Mercury,PHO,0
1020900069,377,4,0,4,11:34 PM,6:51,Johnson REBOUND (Off:0 Def:4),,,,,4,101024,Temeka Johnson,1611661317.0,Phoenix,Mercury,PHO,0,0,,,,,,0,0,,,,,,0
1020900069,378,1,5,4,11:34 PM,6:47,Taurasi Layup (20 PTS) (Johnson 5 AST),,,53 - 76,23,4,100940,Diana Taurasi,1611661317.0,Phoenix,Mercury,PHO,4,101024,Temeka Johnson,1611661317.0,Phoenix,Mercury,PHO,0,0,,,,,,0
1020900069,379,6,11,4,11:34 PM,6:47,,Steve Key Foul:T.FOUL,,,,7,200737,,,,,,0,0,,,,,,1,0,,,,,,0
1020900069,380,6,11,4,11:34 PM,6:47,,Steve Key Foul:T.FOUL,,,,7,200737,,,,,,0,0,,,,,,1,0,,,,,,0
1020900069,381,3,16,4,11:35 PM,6:47,Taurasi Free Throw Technical (21 PTS),,,53 - 77,24,4,100940,Diana Taurasi,1611661317.0,Phoenix,Mercury,PHO,0,0,,,,,,0,0,,,,,,0
1020900069,383,3,16,4,11:35 PM,6:47,Taurasi Free Throw Technical (22 PTS),,,53 - 78,25,4,100940,Diana Taurasi,1611661317.0,Phoenix,Mercury,PHO,0,0,,,,,,0,0,,,,,,0
1020900069,385,11,1,4,11:35 PM,6:47,,Steve Key Ejection:Second Technical,,,,7,200737,,,,,,0,0,,,,,,1,0,,,,,,0
1020900069,386,2,1,4,11:36 PM,6:26,,,MISS Thorn 3PT Jump Shot,,,5,100835,Erin Thorn,1611661329.0,Chicago,Sky,CHI,0,0,,,,,,0,0,,,,,,0
1020900069,387,4,0,4,11:36 PM,6:25,Taurasi REBOUND (Off:1 Def:9),,,,,4,100940,Diana Taurasi,1611661317.0,Phoenix,Mercury,PHO,0,0,,,,,,0,0,,,,,,0
1020900069,388,2,1,4,11:36 PM,6:18,MISS Pondexter 19' Jump Shot,,,,,4,200665,Cappie Pondexter,1611661317.0,Phoenix,Mercury,PHO,0,0,,,,,,0,0,,,,,,0
1020900069,389,4,0,4,11:36 PM,6:17,,,Herrington REBOUND (Off:0 Def:2),,,5,201048,Armintie Herrington,1611661329.0,Chicago,Sky,CHI,0,0,,,,,,0,0,,,,,,0
1020900069,390,1,1,4,11:36 PM,5:57,,,Thorn 18' Jump Shot (7 PTS),55 - 78,23,5,100835,Erin Thorn,1611661329.0,Chicago,Sky,CHI,0,0,,,,,,0,0,,,,,,0
1020900069,391,6,2,4,11:36 PM,5:57,Taurasi S.FOUL (P3.T2),,,,,4,100940,Diana Taurasi,1611661317.0,Phoenix,Mercury,PHO,5,100835,Erin Thorn,1611661329.0,Chicago,Sky,CHI,1,0,,,,,,0
1020900069,392,8,0,4,11:36 PM,5:57,SUB: Mazzante FOR Johnson,,,,,4,101024,Temeka Johnson,1611661317.0,Phoenix,Mercury,PHO,4,100920,Kelly Mazzante,1611661317.0,Phoenix,Mercury,PHO,0,0,,,,,,0
1020900069,393,9,1,4,11:36 PM,5:57,MERCURY Timeout: Regular (Full 3 Short 0),,,,,2,1611661317,,,,,,0,0,,,,,,0,0,,,,,,0
1020900069,397,3,10,4,11:39 PM,5:57,,,Thorn Free Throw 1 of 1 (8 PTS),56 - 78,22,5,100835,Erin Thorn,1611661329.0,Chicago,Sky,CHI,0,0,,,,,,0,0,,,,,,0
1020900069,399,2,1,4,11:39 PM,5:46,MISS Mazzante 3PT Jump Shot,,,,,4,100920,Kelly Mazzante,1611661317.0,Phoenix,Mercury,PHO,0,0,,,,,,0,0,,,,,,0
1020900069,400,4,0,4,11:39 PM,5:45,,,Dupree REBOUND (Off:3 Def:8),,,5,200676,Candice Dupree,1611661329.0,Chicago,Sky,CHI,0,0,,,,,,0,0,,,,,,0
1020900069,401,6,2,4,11:40 PM,5:31,Willingham S.FOUL (P2.T3),,,,,4,100973,Le'coe Willingham,1611661317.0,Phoenix,Mercury,PHO,5,200676,Candice Dupree,1611661329.0,Chicago,Sky,CHI,1,0,,,,,,0
1020900069,402,8,0,4,11:40 PM,5:31,SUB: Ohlde FOR Pondexter,,,,,4,200665,Cappie Pondexter,1611661317.0,Phoenix,Mercury,PHO,4,100932,Nicole Ohlde,1611661317.0,Phoenix,Mercury,PHO,0,0,,,,,,0
1020900069,403,8,0,4,11:40 PM,5:31,SUB: Bonner FOR Willingham,,,,,4,100973,Le'coe Willingham,1611661317.0,Phoenix,Mercury,PHO,4,201886,DeWanna Bonner,1611661317.0,Phoenix,Mercury,PHO,0,0,,,,,,0
1020900069,404,8,0,4,11:40 PM,5:31,SUB: Swanier FOR T. Smith,,,,,4,100236,Tangela Smith,1611661317.0,Phoenix,Mercury,PHO,4,201484,Ketia Swanier,1611661317.0,Phoenix,Mercury,PHO,0,0,,,,,,0
1020900069,405,8,0,4,11:40 PM,5:31,SUB: Quigley FOR Taurasi,,,,,4,100940,Diana Taurasi,1611661317.0,Phoenix,Mercury,PHO,4,201516,Allie Quigley,1611661317.0,Phoenix,Mercury,PHO,0,0,,,,,,0
1020900069,406,8,0,4,11:40 PM,5:31,,,SUB: Ely-Gash FOR Wyckoff,,,5,100667,Brooke Wyckoff,1611661329.0,Chicago,Sky,CHI,5,101032,Shyra Ely-Gash,1611661329.0,Chicago,Sky,CHI,0,0,,,,,,0
1020900069,407,3,11,4,11:40 PM,5:31,,,Dupree Free Throw 1 of 2 (21 PTS),57 - 78,21,5,200676,Candice Dupree,1611661329.0,Chicago,Sky,CHI,0,0,,,,,,0,0,,,,,,0
1020900069,409,3,12,4,11:40 PM,5:31,,,Dupree Free Throw 2 of 2 (22 PTS),58 - 78,20,5,200676,Candice Dupree,1611661329.0,Chicago,Sky,CHI,0,0,,,,,,0,0,,,,,,0
1020900069,411,5,8,4,11:41 PM,5:14,Bonner 3 Second Violation Turnover (P1.T10),,,,,4,201886,DeWanna Bonner,1611661317.0,Phoenix,Mercury,PHO,0,0,,,,,,1,0,,,,,,0
1020900069,412,1,42,4,11:41 PM,5:06,,,Sharp Driving Layup (8 PTS),60 - 78,18,5,100834,K.B. Sharp,1611661329.0,Chicago,Sky,CHI,0,0,,,,,,0,0,,,,,,0
1020900069,413,1,1,4,11:41 PM,4:54,Swanier 19' Jump Shot (2 PTS),,,60 - 80,20,4,201484,Ketia Swanier,1611661317.0,Phoenix,Mercury,PHO,0,0,,,,,,0,0,,,,,,0
1020900069,414,6,2,4,11:42 PM,4:42,Ohlde S.FOUL (P2.T4),,,,,4,100932,Nicole Ohlde,1611661317.0,Phoenix,Mercury,PHO,5,101032,Shyra Ely-Gash,1611661329.0,Chicago,Sky,CHI,1,0,,,,,,0
1020900069,415,3,11,4,11:42 PM,4:42,,,Ely-Gash Free Throw 1 of 2 (5 PTS),61 - 80,19,5,101032,Shyra Ely-Gash,1611661329.0,Chicago,Sky,CHI,0,0,,,,,,0,0,,,,,,0
1020900069,418,3,12,4,11:42 PM,4:42,,,Ely-Gash Free Throw 2 of 2 (6 PTS),62 - 80,18,5,101032,Shyra Ely-Gash,1611661329.0,Chicago,Sky,CHI,0,0,,,,,,0,0,,,,,,0
1020900069,420,2,66,4,11:42 PM,4:32,MISS Ohlde 6' Jump Bank Shot,,,,,4,100932,Nicole Ohlde,1611661317.0,Phoenix,Mercury,PHO,0,0,,,,,,0,0,,,,,,0
1020900069,421,4,0,4,11:42 PM,4:30,,,Herrington REBOUND (Off:0 Def:3),,,5,201048,Armintie Herrington,1611661329.0,Chicago,Sky,CHI,0,0,,,,,,0,0,,,,,,0
1020900069,422,1,1,4,11:42 PM,4:24,,,Sharp 16' Jump Shot (10 PTS) (Thorn 1 AST),64 - 80,16,5,100834,K.B. Sharp,1611661329.0,Chicago,Sky,CHI,5,100835,Erin Thorn,1611661329.0,Chicago,Sky,CHI,0,0,,,,,,0
1020900069,423,2,1,4,11:43 PM,4:16,MISS Mazzante 3PT Jump Shot,,,,,4,100920,Kelly Mazzante,1611661317.0,Phoenix,Mercury,PHO,0,0,,,,,,0,0,,,,,,0
1020900069,424,4,0,4,11:43 PM,4:15,,,Thorn REBOUND (Off:0 Def:2),,,5,100835,Erin Thorn,1611661329.0,Chicago,Sky,CHI,0,0,,,,,,0,0,,,,,,0
1020900069,425,5,1,4,11:43 PM,4:09,,,Sharp Bad Pass Turnover (P1.T6),,,5,100834,K.B. Sharp,1611661329.0,Chicago,Sky,CHI,0,0,,,,,,0,0,,,,,,0
1020900069,426,1,5,4,11:43 PM,3:59,Ohlde Layup (6 PTS),,,64 - 82,18,4,100932,Nicole Ohlde,1611661317.0,Phoenix,Mercury,PHO,0,0,,,,,,0,0,,,,,,0
1020900069,427,2,1,4,11:43 PM,3:43,,,MISS Herrington 18' Jump Shot,,,5,201048,Armintie Herrington,1611661329.0,Chicago,Sky,CHI,0,0,,,,,,0,0,,,,,,0
1020900069,428,4,0,4,11:43 PM,3:42,Mazzante REBOUND (Off:1 Def:1),,,,,4,100920,Kelly Mazzante,1611661317.0,Phoenix,Mercury,PHO,0,0,,,,,,0,0,,,,,,0
1020900069,429,2,1,4,11:44 PM,3:23,MISS Bonner 3PT Jump Shot,,,,,4,201886,DeWanna Bonner,1611661317.0,Phoenix,Mercury,PHO,0,0,,,,,,0,0,,,,,,0
1020900069,430,4,0,4,11:44 PM,3:22,,,Dupree REBOUND (Off:3 Def:9),,,5,200676,Candice Dupree,1611661329.0,Chicago,Sky,CHI,0,0,,,,,,0,0,,,,,,0
1020900069,431,2,1,4,11:44 PM,3:08,,,MISS Dupree 16' Jump Shot,,,5,200676,Candice Dupree,1611661329.0,Chicago,Sky,CHI,0,0,,,,,,0,0,,,,,,0
1020900069,432,4,0,4,11:44 PM,3:07,Mazzante REBOUND (Off:1 Def:2),,,,,4,100920,Kelly Mazzante,1611661317.0,Phoenix,Mercury,PHO,0,0,,,,,,0,0,,,,,,0
1020900069,433,9,2,4,11:44 PM,3:06,MERCURY Timeout: Short (Full 3 Short 1),,,,,2,1611661317,,,,,,0,0,,,,,,0,0,,,,,,0
1020900069,435,8,0,4,11:45 PM,3:06,SUB: B. Smith FOR Ohlde,,,,,4,100932,Nicole Ohlde,1611661317.0,Phoenix,Mercury,PHO,4,201084,Brooke Smith,1611661317.0,Phoenix,Mercury,PHO,0,0,,,,,,0
1020900069,436,8,0,4,11:45 PM,3:06,,,SUB: Nan FOR Dupree,,,5,200676,Candice Dupree,1611661329.0,Chicago,Sky,CHI,5,101075,Chen Nan,1611661329.0,Chicago,Sky,CHI,0,0,,,,,,0
1020900069,437,9,1,4,11:45 PM,3:01,MERCURY Timeout: Regular (Full 4 Short 1),,,,,2,1611661317,,,,,,0,0,,,,,,0,0,,,,,,0
1020900069,439,8,0,4,11:47 PM,3:01,SUB: Ohlde FOR Swanier,,,,,4,201484,Ketia Swanier,1611661317.0,Phoenix,Mercury,PHO,4,100932,Nicole Ohlde,1611661317.0,Phoenix,Mercury,PHO,0,0,,,,,,0
1020900069,441,1,1,4,11:48 PM,2:52,Quigley 3PT Jump Shot (3 PTS) (Ohlde 1 AST),,,64 - 85,21,4,201516,Allie Quigley,1611661317.0,Phoenix,Mercury,PHO,4,100932,Nicole Ohlde,1611661317.0,Phoenix,Mercury,PHO,0,0,,,,,,0
1020900069,442,1,47,4,11:48 PM,2:34,,,Ely-Gash 6' Turnaround Jump Shot (8 PTS),66 - 85,19,5,101032,Shyra Ely-Gash,1611661329.0,Chicago,Sky,CHI,0,0,,,,,,0,0,,,,,,0
1020900069,443,1,1,4,11:48 PM,2:16,Ohlde 4' Jump Shot (8 PTS),,,66 - 87,21,4,100932,Nicole Ohlde,1611661317.0,Phoenix,Mercury,PHO,0,0,,,,,,0,0,,,,,,0
1020900069,444,6,2,4,11:48 PM,2:16,,,Nan S.FOUL (P3.T3),,,5,101075,Chen Nan,1611661329.0,Chicago,Sky,CHI,4,100932,Nicole Ohlde,1611661317.0,Phoenix,Mercury,PHO,1,0,,,,,,0
1020900069,445,3,10,4,11:49 PM,2:16,Ohlde Free Throw 1 of 1 (9 PTS),,,66 - 88,22,4,100932,Nicole Ohlde,1611661317.0,Phoenix,Mercury,PHO,0,0,,,,,,0,0,,,,,,0
1020900069,447,2,1,4,11:49 PM,2:05,,,MISS Thorn 3PT Jump Shot,,,5,100835,Erin Thorn,1611661329.0,Chicago,Sky,CHI,0,0,,,,,,0,0,,,,,,0
1020900069,448,4,0,4,11:49 PM,2:04,B. Smith REBOUND (Off:0 Def:1),,,,,4,201084,Brooke Smith,1611661317.0,Phoenix,Mercury,PHO,0,0,,,,,,0,0,,,,,,0
1020900069,450,5,1,4,11:49 PM,1:59,Quigley Bad Pass Turnover (P1.T11),,Herrington STEAL (1 STL),,,4,201516,Allie Quigley,1611661317.0,Phoenix,Mercury,PHO,5,201048,Armintie Herrington,1611661329.0,Chicago,Sky,CHI,0,0,,,,,,0
1020900069,451,6,2,4,11:49 PM,1:54,B. Smith S.FOUL (P1.PN),,,,,4,201084,Brooke Smith,1611661317.0,Phoenix,Mercury,PHO,5,101032,Shyra Ely-Gash,1611661329.0,Chicago,Sky,CHI,1,0,,,,,,0
1020900069,452,3,11,4,11:49 PM,1:54,,,Ely-Gash Free Throw 1 of 2 (9 PTS),67 - 88,21,5,101032,Shyra Ely-Gash,1611661329.0,Chicago,Sky,CHI,0,0,,,,,,0,0,,,,,,0
1020900069,454,3,12,4,11:50 PM,1:54,,,MISS Ely-Gash Free Throw 2 of 2,,,5,101032,Shyra Ely-Gash,1611661329.0,Chicago,Sky,CHI,0,0,,,,,,0,0,,,,,,0
1020900069,456,4,0,4,11:50 PM,1:53,,,Nan REBOUND (Off:2 Def:4),,,5,101075,Chen Nan,1611661329.0,Chicago,Sky,CHI,0,0,,,,,,0,0,,,,,,0
1020900069,457,2,1,4,11:50 PM,1:43,,,MISS Ely-Gash 3PT Jump Shot,,,5,101032,Shyra Ely-Gash,1611661329.0,Chicago,Sky,CHI,0,0,,,,,,0,0,,,,,,0
1020900069,458,4,0,4,11:50 PM,1:43,MERCURY Rebound,,,,,2,1611661317,,,,,,0,0,,,,,,0,0,,,,,,0
1020900069,459,6,3,4,11:50 PM,1:43,,,Herrington L.B.FOUL (P3.T4),,,5,201048,Armintie Herrington,1611661329.0,Chicago,Sky,CHI,4,201084,Brooke Smith,1611661317.0,Phoenix,Mercury,PHO,1,0,,,,,,0
1020900069,460,2,66,4,11:50 PM,1:22,MISS Bonner 7' Jump Bank Shot,,,,,4,201886,DeWanna Bonner,1611661317.0,Phoenix,Mercury,PHO,0,0,,,,,,0,0,,,,,,0
1020900069,461,4,0,4,11:50 PM,1:21,,,Sky Rebound,,,3,1611661329,,,,,,0,0,,,,,,0,0,,,,,,0
1020900069,462,6,2,4,11:51 PM,1:10,Ohlde S.FOUL (P3.PN),,,,,4,100932,Nicole Ohlde,1611661317.0,Phoenix,Mercury,PHO,5,201048,Armintie Herrington,1611661329.0,Chicago,Sky,CHI,1,0,,,,,,0
1020900069,463,3,11,4,11:51 PM,1:10,,,Herrington Free Throw 1 of 2 (1 PTS),68 - 88,20,5,201048,Armintie Herrington,1611661329.0,Chicago,Sky,CHI,0,0,,,,,,0,0,,,,,,0
1020900069,465,3,12,4,11:51 PM,1:10,,,MISS Herrington Free Throw 2 of 2,,,5,201048,Armintie Herrington,1611661329.0,Chicago,Sky,CHI,0,0,,,,,,0,0,,,,,,0
1020900069,467,4,0,4,11:51 PM,1:09,B. Smith REBOUND (Off:0 Def:2),,,,,4,201084,Brooke Smith,1611661317.0,Phoenix,Mercury,PHO,0,0,,,,,,0,0,,,,,,0
1020900069,468,2,1,4,11:52 PM,0:50,MISS B. Smith 5' Jump Shot,,Nan BLOCK (1 BLK),,,4,201084,Brooke Smith,1611661317.0,Phoenix,Mercury,PHO,0,0,,,,,,5,101075,Chen Nan,1611661329.0,Chicago,Sky,CHI,0
1020900069,469,4,0,4,11:52 PM,0:48,,,Ely-Gash REBOUND (Off:1 Def:3),,,5,101032,Shyra Ely-Gash,1611661329.0,Chicago,Sky,CHI,0,0,,,,,,0,0,,,,,,0
1020900069,470,5,1,4,11:52 PM,0:45,Mazzante STEAL (1 STL),,Sharp Bad Pass Turnover (P2.T7),,,5,100834,K.B. Sharp,1611661329.0,Chicago,Sky,CHI,4,100920,Kelly Mazzante,1611661317.0,Phoenix,Mercury,PHO,0,0,,,,,,0
1020900069,471,1,1,4,11:52 PM,0:35,Bonner 17' Jump Shot (10 PTS) (B. Smith 1 AST),,,68 - 90,22,4,201886,DeWanna Bonner,1611661317.0,Phoenix,Mercury,PHO,4,201084,Brooke Smith,1611661317.0,Phoenix,Mercury,PHO,0,0,,,,,,0
1020900069,472,1,1,4,11:52 PM,0:24,,,Herrington 16' Jump Shot (3 PTS),70 - 90,20,5,201048,Armintie Herrington,1611661329.0,Chicago,Sky,CHI,0,0,,,,,,0,0,,,,,,0
1020900069,473,6,2,4,11:52 PM,0:24,Quigley S.FOUL (P1.PN),,,,,4,201516,Allie Quigley,1611661317.0,Phoenix,Mercury,PHO,5,201048,Armintie Herrington,1611661329.0,Chicago,Sky,CHI,1,0,,,,,,0
1020900069,474,3,10,4,11:52 PM,0:24,,,MISS Herrington Free Throw 1 of 1,,,5,201048,Armintie Herrington,1611661329.0,Chicago,Sky,CHI,0,0,,,,,,0,0,,,,,,0
1020900069,476,4,0,4,11:53 PM,0:24,MERCURY Rebound,,,,,2,1611661317,,,,,,0,0,,,,,,0,0,,,,,,0
1020900069,477,2,1,4,11:53 PM,0:03,MISS Quigley 3PT Jump Shot,,,,,4,201516,Allie Quigley,1611661317.0,Phoenix,Mercury,PHO,0,0,,,,,,0,0,,,,,,0
1020900069,478,4,0,4,11:53 PM,0:02,MERCURY Rebound,,,,,2,1611661317,,,,,,0,0,,,,,,0,0,,,,,,0
1020900069,479,13,0,4,11:53 PM,0:00,,End of 4th Period (11:53 PM EST),,70 - 90,20,0,0,,,,,,0,0,,,,,,0,0,,,,,,0
