GAME_ID,EVENTNUM,EVENTMSGTYPE,EVENTMSGACTIONTYPE,PERIOD,WCTIMESTRING,PCTIMESTRING,HOMEDESCRIPTION,NEUTRALDESCRIPTION,VISITORDESCRIPTION,SCORE,SCOREMARGIN,PERSON1TYPE,PLAYER1_ID,PLAYER1_NAME,PLAYER1_TEAM_ID,PLAYER1_TEAM_CITY,PLAYER1_TEAM_NICKNAME,PLAYER1_TEAM_ABBREVIATION,PERSON2TYPE,PLAYER2_ID,PLAYER2_NAME,PLAYER2_TEAM_ID,PLAYER2_TEAM_CITY,PLAYER2_TEAM_NICKNAME,PLAYER2_TEAM_ABBREVIATION,PERSON3TYPE,PLAYER3_ID,PLAYER3_NAME,PLAYER3_TEAM_ID,PLAYER3_TEAM_CITY,PLAYER3_TEAM_NICKNAME,PLAYER3_TEAM_ABBREVIATION,VIDEO_AVAILABLE_FLAG
1022400168,2,12,0,1,7:34 PM,10:00,,Start of 1st Period (7:34 PM EST),,,,0,0,,,,,,0,0,,,,,,0,0,,,,,,0
1022400168,4,10,0,1,7:34 PM,10:00,Jump Ball Charles vs. Griner: Tip to Taurasi,,,,,4,202250,Tina Charles,1611661330.0,Atlanta,Dream,ATL,5,203398,Brittney Griner,1611661317.0,Phoenix,Mercury,PHO,5,100940,Diana Taurasi,1611661317.0,Phoenix,Mercury,PHO,1
1022400168,7,1,79,1,7:34 PM,9:36,,,Copper 24' 3PT Pullup Jump Shot (3 PTS),3 - 0,-3,5,1627674,Kahleah Copper,1611661317.0,Phoenix,Mercury,PHO,0,0,,,,,,0,0,,,,,,1
1022400168,8,1,98,1,7:34 PM,9:19,Hillmon 1' Cutting Layup Shot (2 PTS) (Howard 1 AST),,,3 - 2,-1,4,1631044,Naz Hillmon,1611661330.0,Atlanta,Dream,ATL,4,1631009,Rhyne Howard,1611661330.0,Atlanta,Dream,ATL,0,0,,,,,,1
1022400168,10,1,98,1,7:34 PM,9:03,,,Griner 1' Cutting Layup Shot (2 PTS) (Cloud 1 AST),5 - 2,-3,5,203398,Brittney Griner,1611661317.0,Phoenix,Mercury,PHO,5,204333,Natasha Cloud,1611661317.0,Phoenix,Mercury,PHO,0,0,,,,,,1
1022400168,12,2,79,1,7:35 PM,8:48,MISS Howard 19' Pullup Jump Shot,,,,,4,1631009,Rhyne Howard,1611661330.0,Atlanta,Dream,ATL,0,0,,,,,,0,0,,,,,,1
1022400168,13,4,0,1,7:35 PM,8:44,,,Copper REBOUND (Off:0 Def:1),,,5,1627674,Kahleah Copper,1611661317.0,Phoenix,Mercury,PHO,0,0,,,,,,0,0,,,,,,1
1022400168,14,2,44,1,7:35 PM,8:38,Charles BLOCK (1 BLK),,MISS Copper 1' Reverse Layup,,,5,1627674,Kahleah Copper,1611661317.0,Phoenix,Mercury,PHO,0,0,,,,,,4,202250,Tina Charles,1611661330.0,Atlanta,Dream,ATL,1
1022400168,16,4,0,1,7:35 PM,8:37,Gray REBOUND (Off:0 Def:1),,,,,4,1628277,Allisha Gray,1611661330.0,Atlanta,Dream,ATL,0,0,,,,,,0,0,,,,,,1
1022400168,17,1,5,1,7:35 PM,8:24,Howard 1' Layup (2 PTS) (Gray 1 AST),,,5 - 4,-1,4,1631009,Rhyne Howard,1611661330.0,Atlanta,Dream,ATL,4,1628277,Allisha Gray,1611661330.0,Atlanta,Dream,ATL,0,0,,,,,,1
1022400168,19,5,2,1,7:35 PM,8:06,Gray STEAL (1 STL),,Cloud Lost Ball Turnover (P1.T1),,,5,204333,Natasha Cloud,1611661317.0,Phoenix,Mercury,PHO,4,1628277,Allisha Gray,1611661330.0,Atlanta,Dream,ATL,0,0,,,,,,1
1022400168,21,2,41,1,7:36 PM,8:03,MISS Gray 1' Running Layup,,,,,4,1628277,Allisha Gray,1611661330.0,Atlanta,Dream,ATL,0,0,,,,,,0,0,,,,,,1
1022400168,22,4,0,1,7:36 PM,8:01,,,Griner REBOUND (Off:0 Def:1),,,5,203398,Brittney Griner,1611661317.0,Phoenix,Mercury,PHO,0,0,,,,,,0,0,,,,,,1
1022400168,23,1,103,1,7:36 PM,7:54,,,Cunningham 9' Running Pull-Up Jump Shot (2 PTS) (Griner 1 AST),7 - 4,-3,5,1629482,Sophie Cunningham,1611661317.0,Phoenix,Mercury,PHO,5,203398,Brittney Griner,1611661317.0,Phoenix,Mercury,PHO,0,0,,,,,,1
1022400168,24,6,1,1,7:36 PM,7:48,,,Copper P.FOUL (P1.T1),,,5,1627674,Kahleah Copper,1611661317.0,Phoenix,Mercury,PHO,4,1628886,Jordin Canada,1611661330.0,Atlanta,Dream,ATL,1,0,,,,,,1
1022400168,26,9,4,1,7:37 PM,7:48,,Timeout: Official,,,,1,0,,,,,,0,0,,,,,,0,0,,,,,,0
1022400168,28,8,0,1,7:39 PM,7:48,SUB: Coffey FOR Hillmon,,,,,4,1631044,Naz Hillmon,1611661330.0,Atlanta,Dream,ATL,4,1628269,Nia Coffey,1611661330.0,Atlanta,Dream,ATL,0,0,,,,,,0
1022400168,30,2,1,1,7:40 PM,7:37,MISS Gray 24' 3PT Jump Shot,,,,,4,1628277,Allisha Gray,1611661330.0,Atlanta,Dream,ATL,0,0,,,,,,0,0,,,,,,1
1022400168,31,4,0,1,7:40 PM,7:33,,,Taurasi REBOUND (Off:0 Def:1),,,5,100940,Diana Taurasi,1611661317.0,Phoenix,Mercury,PHO,0,0,,,,,,0,0,,,,,,1
1022400168,32,2,47,1,7:40 PM,7:16,,,MISS Griner 5' Turnaround Jump Shot,,,5,203398,Brittney Griner,1611661317.0,Phoenix,Mercury,PHO,0,0,,,,,,0,0,,,,,,1
1022400168,33,4,0,1,7:40 PM,7:12,Charles REBOUND (Off:0 Def:1),,,,,4,202250,Tina Charles,1611661330.0,Atlanta,Dream,ATL,0,0,,,,,,0,0,,,,,,1
1022400168,34,2,1,1,7:40 PM,7:07,MISS Charles 3PT Jump Shot,,,,,4,202250,Tina Charles,1611661330.0,Atlanta,Dream,ATL,0,0,,,,,,0,0,,,,,,1
1022400168,35,4,0,1,7:41 PM,7:03,,,Cunningham REBOUND (Off:0 Def:1),,,5,1629482,Sophie Cunningham,1611661317.0,Phoenix,Mercury,PHO,0,0,,,,,,0,0,,,,,,1
1022400168,36,2,79,1,7:41 PM,6:47,,,MISS Copper 24' 3PT Pullup Jump Shot,,,5,1627674,Kahleah Copper,1611661317.0,Phoenix,Mercury,PHO,0,0,,,,,,0,0,,,,,,1
1022400168,37,4,0,1,7:41 PM,6:44,Charles REBOUND (Off:0 Def:2),,,,,4,202250,Tina Charles,1611661330.0,Atlanta,Dream,ATL,0,0,,,,,,0,0,,,,,,1
1022400168,38,7,5,1,7:41 PM,6:38,,,Griner Violation:Kicked Ball,,,5,203398,Brittney Griner,1611661317.0,Phoenix,Mercury,PHO,0,0,,,,,,1,0,,,,,,0
1022400168,39,2,1,1,7:41 PM,6:35,MISS Charles 15' Jump Shot,,,,,4,202250,Tina Charles,1611661330.0,Atlanta,Dream,ATL,0,0,,,,,,0,0,,,,,,1
1022400168,40,4,0,1,7:41 PM,6:34,Howard REBOUND (Off:1 Def:0),,,,,4,1631009,Rhyne Howard,1611661330.0,Atlanta,Dream,ATL,0,0,,,,,,0,0,,,,,,1
1022400168,41,6,1,1,7:42 PM,6:34,,,Cunningham P.FOUL (P1.T2),,,5,1629482,Sophie Cunningham,1611661317.0,Phoenix,Mercury,PHO,4,1631009,Rhyne Howard,1611661330.0,Atlanta,Dream,ATL,1,0,,,,,,1
1022400168,43,1,1,1,7:42 PM,6:28,Canada 3PT Jump Shot (3 PTS) (Charles 1 AST),,,7 - 7,TIE,4,1628886,Jordin Canada,1611661330.0,Atlanta,Dream,ATL,4,202250,Tina Charles,1611661330.0,Atlanta,Dream,ATL,0,0,,,,,,1
1022400168,45,1,5,1,7:42 PM,6:12,,,Griner 5' Layup (4 PTS) (Copper 1 AST),9 - 7,-2,5,203398,Brittney Griner,1611661317.0,Phoenix,Mercury,PHO,5,1627674,Kahleah Copper,1611661317.0,Phoenix,Mercury,PHO,0,0,,,,,,1
1022400168,47,6,2,1,7:42 PM,6:12,Charles S.FOUL (P1.T1),,,,,4,202250,Tina Charles,1611661330.0,Atlanta,Dream,ATL,5,203398,Brittney Griner,1611661317.0,Phoenix,Mercury,PHO,1,0,,,,,,1
1022400168,49,8,0,1,7:42 PM,6:12,SUB: Hillmon FOR Coffey,,,,,4,1628269,Nia Coffey,1611661330.0,Atlanta,Dream,ATL,4,1631044,Naz Hillmon,1611661330.0,Atlanta,Dream,ATL,0,0,,,,,,0
1022400168,51,3,10,1,7:43 PM,6:12,,,Griner Free Throw 1 of 1 (5 PTS),10 - 7,-3,5,203398,Brittney Griner,1611661317.0,Phoenix,Mercury,PHO,0,0,,,,,,0,0,,,,,,0
1022400168,52,6,2,1,7:43 PM,5:56,,,Cloud S.FOUL (P1.T3),,,5,204333,Natasha Cloud,1611661317.0,Phoenix,Mercury,PHO,4,1631009,Rhyne Howard,1611661330.0,Atlanta,Dream,ATL,1,0,,,,,,1
1022400168,54,3,11,1,7:44 PM,5:56,Howard Free Throw 1 of 2 (3 PTS),,,10 - 8,-2,4,1631009,Rhyne Howard,1611661330.0,Atlanta,Dream,ATL,0,0,,,,,,0,0,,,,,,0
1022400168,55,3,12,1,7:44 PM,5:56,Howard Free Throw 2 of 2 (4 PTS),,,10 - 9,-1,4,1631009,Rhyne Howard,1611661330.0,Atlanta,Dream,ATL,0,0,,,,,,0,0,,,,,,0
1022400168,56,5,1,1,7:44 PM,5:43,Gray STEAL (2 STL),,Cloud Bad Pass Turnover (P2.T2),,,5,204333,Natasha Cloud,1611661317.0,Phoenix,Mercury,PHO,4,1628277,Allisha Gray,1611661330.0,Atlanta,Dream,ATL,0,0,,,,,,1
1022400168,58,2,47,1,7:44 PM,5:34,MISS Charles 11' Turnaround Jump Shot,,Griner BLOCK (1 BLK),,,4,202250,Tina Charles,1611661330.0,Atlanta,Dream,ATL,0,0,,,,,,5,203398,Brittney Griner,1611661317.0,Phoenix,Mercury,PHO,1
1022400168,60,4,0,1,7:44 PM,5:33,,,Cloud REBOUND (Off:0 Def:1),,,5,204333,Natasha Cloud,1611661317.0,Phoenix,Mercury,PHO,0,0,,,,,,0,0,,,,,,1
1022400168,61,1,6,1,7:44 PM,5:22,,,Griner 4' Driving Layup (7 PTS),12 - 9,-3,5,203398,Brittney Griner,1611661317.0,Phoenix,Mercury,PHO,0,0,,,,,,0,0,,,,,,1
1022400168,62,2,6,1,7:45 PM,5:15,MISS Howard 5' Driving Layup,,Griner BLOCK (2 BLK),,,4,1631009,Rhyne Howard,1611661330.0,Atlanta,Dream,ATL,0,0,,,,,,5,203398,Brittney Griner,1611661317.0,Phoenix,Mercury,PHO,1
1022400168,64,4,0,1,7:45 PM,5:14,DREAM Rebound,,,,,2,1611661330,,,,,,0,0,,,,,,0,0,,,,,,1
1022400168,66,8,0,1,7:45 PM,5:14,,,SUB: Billings FOR Taurasi,,,5,100940,Diana Taurasi,1611661317.0,Phoenix,Mercury,PHO,5,1628881,Monique Billings,1611661317.0,Phoenix,Mercury,PHO,0,0,,,,,,0
1022400168,68,6,1,1,7:45 PM,5:09,,,Cloud P.FOUL (P2.T4),,,5,204333,Natasha Cloud,1611661317.0,Phoenix,Mercury,PHO,4,1631009,Rhyne Howard,1611661330.0,Atlanta,Dream,ATL,1,0,,,,,,1
1022400168,70,2,1,1,7:46 PM,5:02,MISS Charles 20' Jump Shot,,,,,4,202250,Tina Charles,1611661330.0,Atlanta,Dream,ATL,0,0,,,,,,0,0,,,,,,1
1022400168,71,4,0,1,7:46 PM,4:59,,,Billings REBOUND (Off:0 Def:1),,,5,1628881,Monique Billings,1611661317.0,Phoenix,Mercury,PHO,0,0,,,,,,0,0,,,,,,1
1022400168,72,2,101,1,7:46 PM,4:51,,,MISS Billings 5' Driving Floating Jump Shot,,,5,1628881,Monique Billings,1611661317.0,Phoenix,Mercury,PHO,0,0,,,,,,0,0,,,,,,1
1022400168,73,4,0,1,7:46 PM,4:47,Hillmon REBOUND (Off:0 Def:1),,,,,4,1631044,Naz Hillmon,1611661330.0,Atlanta,Dream,ATL,0,0,,,,,,0,0,,,,,,1
1022400168,74,1,63,1,7:46 PM,4:43,Charles 3' Fadeaway Jumper (2 PTS) (Canada 1 AST),,,12 - 11,-1,4,202250,Tina Charles,1611661330.0,Atlanta,Dream,ATL,4,1628886,Jordin Canada,1611661330.0,Atlanta,Dream,ATL,0,0,,,,,,1
1022400168,76,2,1,1,7:47 PM,4:15,,,MISS Billings 3PT Jump Shot,,,5,1628881,Monique Billings,1611661317.0,Phoenix,Mercury,PHO,0,0,,,,,,0,0,,,,,,1
1022400168,77,4,0,1,7:47 PM,4:14,,,Mercury Rebound,,,3,1611661317,,,,,,0,0,,,,,,0,0,,,,,,1
1022400168,78,6,3,1,7:47 PM,4:14,Howard L.B.FOUL (P1.T2),,,,,4,1631009,Rhyne Howard,1611661330.0,Atlanta,Dream,ATL,5,1629482,Sophie Cunningham,1611661317.0,Phoenix,Mercury,PHO,1,0,,,,,,1
1022400168,80,8,0,1,7:47 PM,4:14,,,SUB: Mack FOR Griner,,,5,203398,Brittney Griner,1611661317.0,Phoenix,Mercury,PHO,5,1630442,Natasha Mack,1611661317.0,Phoenix,Mercury,PHO,0,0,,,,,,0
1022400168,82,2,79,1,7:47 PM,4:10,,,MISS Copper 16' Pullup Jump Shot,,,5,1627674,Kahleah Copper,1611661317.0,Phoenix,Mercury,PHO,0,0,,,,,,0,0,,,,,,1
1022400168,83,4,0,1,7:47 PM,4:05,,,Billings REBOUND (Off:1 Def:1),,,5,1628881,Monique Billings,1611661317.0,Phoenix,Mercury,PHO,0,0,,,,,,0,0,,,,,,1
1022400168,84,2,5,1,7:47 PM,4:04,,,MISS Copper 3' Layup,,,5,1627674,Kahleah Copper,1611661317.0,Phoenix,Mercury,PHO,0,0,,,,,,0,0,,,,,,1
1022400168,85,4,0,1,7:47 PM,4:01,Charles REBOUND (Off:0 Def:3),,,,,4,202250,Tina Charles,1611661330.0,Atlanta,Dream,ATL,0,0,,,,,,0,0,,,,,,1
1022400168,86,2,103,1,7:47 PM,3:57,MISS Howard 24' 3PT Running Pull-Up Jump Shot,,,,,4,1631009,Rhyne Howard,1611661330.0,Atlanta,Dream,ATL,0,0,,,,,,0,0,,,,,,1
1022400168,87,4,0,1,7:47 PM,3:53,,,Cunningham REBOUND (Off:0 Def:2),,,5,1629482,Sophie Cunningham,1611661317.0,Phoenix,Mercury,PHO,0,0,,,,,,0,0,,,,,,1
1022400168,88,5,45,1,7:47 PM,3:46,,,Cloud Out of Bounds - Bad Pass Turnover Turnover (P3.T3),,,5,204333,Natasha Cloud,1611661317.0,Phoenix,Mercury,PHO,0,0,,,,,,1,0,,,,,,1
1022400168,89,2,47,1,7:48 PM,3:30,MISS Charles 10' Turnaround Jump Shot,,,,,4,202250,Tina Charles,1611661330.0,Atlanta,Dream,ATL,0,0,,,,,,0,0,,,,,,1
1022400168,90,4,0,1,7:48 PM,3:27,,,Mack REBOUND (Off:0 Def:1),,,5,1630442,Natasha Mack,1611661317.0,Phoenix,Mercury,PHO,0,0,,,,,,0,0,,,,,,1
1022400168,91,2,1,1,7:48 PM,3:17,,,MISS Cunningham 3PT Jump Shot,,,5,1629482,Sophie Cunningham,1611661317.0,Phoenix,Mercury,PHO,0,0,,,,,,0,0,,,,,,1
1022400168,92,4,0,1,7:48 PM,3:11,,,Cunningham REBOUND (Off:1 Def:2),,,5,1629482,Sophie Cunningham,1611661317.0,Phoenix,Mercury,PHO,0,0,,,,,,0,0,,,,,,1
1022400168,93,2,47,1,7:48 PM,3:04,,,MISS Cloud 13' Turnaround Jump Shot,,,5,204333,Natasha Cloud,1611661317.0,Phoenix,Mercury,PHO,0,0,,,,,,0,0,,,,,,1
1022400168,94,4,0,1,7:48 PM,3:02,,,Billings REBOUND (Off:2 Def:1),,,5,1628881,Monique Billings,1611661317.0,Phoenix,Mercury,PHO,0,0,,,,,,0,0,,,,,,1
1022400168,95,2,47,1,7:48 PM,3:00,,,MISS Billings 10' Turnaround Jump Shot,,,5,1628881,Monique Billings,1611661317.0,Phoenix,Mercury,PHO,0,0,,,,,,0,0,,,,,,1
1022400168,96,4,0,1,7:48 PM,2:56,,,Mack REBOUND (Off:1 Def:1),,,5,1630442,Natasha Mack,1611661317.0,Phoenix,Mercury,PHO,0,0,,,,,,0,0,,,,,,1
1022400168,97,1,78,1,7:49 PM,2:49,,,Billings 5' Floating Jump Shot (2 PTS) (Cunningham 1 AST),14 - 11,-3,5,1628881,Monique Billings,1611661317.0,Phoenix,Mercury,PHO,5,1629482,Sophie Cunningham,1611661317.0,Phoenix,Mercury,PHO,0,0,,,,,,1
1022400168,99,2,1,1,7:49 PM,2:30,MISS Charles 21' Jump Shot,,,,,4,202250,Tina Charles,1611661330.0,Atlanta,Dream,ATL,0,0,,,,,,0,0,,,,,,1
1022400168,100,4,0,1,7:49 PM,2:26,,,Mack REBOUND (Off:1 Def:2),,,5,1630442,Natasha Mack,1611661317.0,Phoenix,Mercury,PHO,0,0,,,,,,0,0,,,,,,1
1022400168,101,6,1,1,7:49 PM,2:23,Canada P.FOUL (P1.T3),,,,,4,1628886,Jordin Canada,1611661330.0,Atlanta,Dream,ATL,5,1627674,Kahleah Copper,1611661317.0,Phoenix,Mercury,PHO,1,0,,,,,,1
1022400168,103,8,0,1,7:49 PM,2:23,SUB: Coffey FOR Hillmon,,,,,4,1631044,Naz Hillmon,1611661330.0,Atlanta,Dream,ATL,4,1628269,Nia Coffey,1611661330.0,Atlanta,Dream,ATL,0,0,,,,,,0
1022400168,104,8,0,1,7:49 PM,2:23,SUB: Caldwell FOR Howard,,,,,4,1631009,Rhyne Howard,1611661330.0,Atlanta,Dream,ATL,4,1630471,Maya Caldwell,1611661330.0,Atlanta,Dream,ATL,0,0,,,,,,0
1022400168,105,8,0,1,7:49 PM,2:23,SUB: Cubaj FOR Charles,,,,,4,202250,Tina Charles,1611661330.0,Atlanta,Dream,ATL,4,1631032,Lorela Cubaj,1611661330.0,Atlanta,Dream,ATL,0,0,,,,,,0
1022400168,106,8,0,1,7:49 PM,2:23,,,SUB: Taylor FOR Cloud,,,5,204333,Natasha Cloud,1611661317.0,Phoenix,Mercury,PHO,5,1642298,Celeste Taylor,1611661317.0,Phoenix,Mercury,PHO,0,0,,,,,,0
1022400168,107,8,0,1,7:49 PM,2:23,,,SUB: Taurasi FOR Copper,,,5,1627674,Kahleah Copper,1611661317.0,Phoenix,Mercury,PHO,5,100940,Diana Taurasi,1611661317.0,Phoenix,Mercury,PHO,0,0,,,,,,0
1022400168,113,1,79,1,7:50 PM,2:19,,,Taurasi 20' Pullup Jump Shot (2 PTS) (Cunningham 2 AST),16 - 11,-5,5,100940,Diana Taurasi,1611661317.0,Phoenix,Mercury,PHO,5,1629482,Sophie Cunningham,1611661317.0,Phoenix,Mercury,PHO,0,0,,,,,,1
1022400168,114,5,4,1,7:50 PM,2:03,Gray Traveling Turnover (P1.T1),,,,,4,1628277,Allisha Gray,1611661330.0,Atlanta,Dream,ATL,0,0,,,,,,1,0,,,,,,1
1022400168,115,1,6,1,7:50 PM,1:47,,,Taylor 2' Driving Layup (2 PTS) (Taurasi 1 AST),18 - 11,-7,5,1642298,Celeste Taylor,1611661317.0,Phoenix,Mercury,PHO,5,100940,Diana Taurasi,1611661317.0,Phoenix,Mercury,PHO,0,0,,,,,,1
1022400168,117,5,2,1,7:51 PM,1:21,Caldwell Lost Ball Turnover (P1.T2),,Cunningham STEAL (1 STL),,,4,1630471,Maya Caldwell,1611661330.0,Atlanta,Dream,ATL,5,1629482,Sophie Cunningham,1611661317.0,Phoenix,Mercury,PHO,0,0,,,,,,1
1022400168,119,5,2,1,7:51 PM,1:17,Canada STEAL (1 STL),,Taurasi Lost Ball Turnover (P1.T4),,,5,100940,Diana Taurasi,1611661317.0,Phoenix,Mercury,PHO,4,1628886,Jordin Canada,1611661330.0,Atlanta,Dream,ATL,0,0,,,,,,1
1022400168,121,6,2,1,7:51 PM,1:14,,,Billings S.FOUL (P1.PN),,,5,1628881,Monique Billings,1611661317.0,Phoenix,Mercury,PHO,4,1628277,Allisha Gray,1611661330.0,Atlanta,Dream,ATL,1,0,,,,,,1
1022400168,123,3,11,1,7:51 PM,1:14,Gray Free Throw 1 of 2 (1 PTS),,,18 - 12,-6,4,1628277,Allisha Gray,1611661330.0,Atlanta,Dream,ATL,0,0,,,,,,0,0,,,,,,0
1022400168,124,8,0,1,7:51 PM,1:14,SUB: Jones FOR Canada,,,,,4,1628886,Jordin Canada,1611661330.0,Atlanta,Dream,ATL,4,1641650,Haley Jones,1611661330.0,Atlanta,Dream,ATL,0,0,,,,,,0
1022400168,125,8,0,1,7:51 PM,1:14,,,SUB: Griner FOR Mack,,,5,1630442,Natasha Mack,1611661317.0,Phoenix,Mercury,PHO,5,203398,Brittney Griner,1611661317.0,Phoenix,Mercury,PHO,0,0,,,,,,0
1022400168,126,8,0,1,7:51 PM,1:14,,,SUB: Copper FOR Cunningham,,,5,1629482,Sophie Cunningham,1611661317.0,Phoenix,Mercury,PHO,5,1627674,Kahleah Copper,1611661317.0,Phoenix,Mercury,PHO,0,0,,,,,,0
1022400168,130,3,12,1,7:52 PM,1:14,Gray Free Throw 2 of 2 (2 PTS),,,18 - 13,-5,4,1628277,Allisha Gray,1611661330.0,Atlanta,Dream,ATL,0,0,,,,,,0,0,,,,,,0
1022400168,131,1,80,1,7:52 PM,1:02,,,Taurasi 25' 3PT Step Back Jump Shot (5 PTS),21 - 13,-8,5,100940,Diana Taurasi,1611661317.0,Phoenix,Mercury,PHO,0,0,,,,,,0,0,,,,,,1
1022400168,132,2,5,1,7:52 PM,0:46,MISS Coffey 2' Layup,,Griner BLOCK (3 BLK),,,4,1628269,Nia Coffey,1611661330.0,Atlanta,Dream,ATL,0,0,,,,,,5,203398,Brittney Griner,1611661317.0,Phoenix,Mercury,PHO,1
1022400168,134,4,0,1,7:52 PM,0:46,Gray REBOUND (Off:1 Def:1),,,,,4,1628277,Allisha Gray,1611661330.0,Atlanta,Dream,ATL,0,0,,,,,,0,0,,,,,,1
1022400168,135,1,1,1,7:52 PM,0:43,Gray 4' Jump Shot (4 PTS),,,21 - 15,-6,4,1628277,Allisha Gray,1611661330.0,Atlanta,Dream,ATL,0,0,,,,,,0,0,,,,,,1
1022400168,136,1,5,1,7:53 PM,0:32,,,Copper 1' Layup (5 PTS) (Billings 1 AST),23 - 15,-8,5,1627674,Kahleah Copper,1611661317.0,Phoenix,Mercury,PHO,5,1628881,Monique Billings,1611661317.0,Phoenix,Mercury,PHO,0,0,,,,,,1
1022400168,138,2,1,1,7:53 PM,0:22,MISS Caldwell 24' 3PT Jump Shot,,,,,4,1630471,Maya Caldwell,1611661330.0,Atlanta,Dream,ATL,0,0,,,,,,0,0,,,,,,1
1022400168,139,4,0,1,7:53 PM,0:19,Coffey REBOUND (Off:1 Def:0),,,,,4,1628269,Nia Coffey,1611661330.0,Atlanta,Dream,ATL,0,0,,,,,,0,0,,,,,,1
1022400168,140,1,44,1,7:53 PM,0:17,Coffey 2' Reverse Layup (2 PTS),,,23 - 17,-6,4,1628269,Nia Coffey,1611661330.0,Atlanta,Dream,ATL,0,0,,,,,,0,0,,,,,,1
1022400168,141,6,2,1,7:53 PM,0:03,Coffey S.FOUL (P1.T4),,,,,4,1628269,Nia Coffey,1611661330.0,Atlanta,Dream,ATL,5,203398,Brittney Griner,1611661317.0,Phoenix,Mercury,PHO,1,0,,,,,,1
1022400168,143,3,11,1,7:54 PM,0:03,,,Griner Free Throw 1 of 2 (8 PTS),24 - 17,-7,5,203398,Brittney Griner,1611661317.0,Phoenix,Mercury,PHO,0,0,,,,,,0,0,,,,,,0
1022400168,144,3,12,1,7:54 PM,0:03,,,MISS Griner Free Throw 2 of 2,,,5,203398,Brittney Griner,1611661317.0,Phoenix,Mercury,PHO,0,0,,,,,,0,0,,,,,,0
1022400168,145,4,0,1,7:54 PM,0:01,Jones REBOUND (Off:0 Def:1),,,,,4,1641650,Haley Jones,1611661330.0,Atlanta,Dream,ATL,0,0,,,,,,0,0,,,,,,1
1022400168,146,2,79,1,7:54 PM,0:00,MISS Jones 27' 3PT Pullup Jump Shot,,,,,4,1641650,Haley Jones,1611661330.0,Atlanta,Dream,ATL,0,0,,,,,,0,0,,,,,,1
1022400168,147,4,0,1,7:54 PM,0:00,DREAM Rebound,,,,,2,1611661330,,,,,,0,0,,,,,,0,0,,,,,,1
1022400168,148,13,0,1,7:54 PM,0:00,,End of 1st Period (7:54 PM EST),,24 - 17,-7,0,0,,,,,,0,0,,,,,,0,0,,,,,,1
1022400168,152,12,0,2,7:57 PM,10:00,,Start of 2nd Period (7:57 PM EST),,24 - 17,-7,0,0,,,,,,0,0,,,,,,0,0,,,,,,0
1022400168,154,9,1,2,7:58 PM,9:59,DREAM Timeout: Regular (Full 1 Short 0),,,,,2,1611661330,,,,,,0,0,,,,,,0,0,,,,,,0
1022400168,155,18,5,2,7:58 PM,9:59,,Instant Replay2nd Period (7:58 PM EST),,24 - 17,-7,0,153,,,,,,0,0,,,,,,1,0,,,,,,1
1022400168,156,5,45,2,7:59 PM,9:59,Coffey Out of Bounds - Bad Pass Turnover Turnover (P1.T3),,,,,4,1628269,Nia Coffey,1611661330.0,Atlanta,Dream,ATL,0,0,,,,,,1,0,,,,,,1
1022400168,157,2,1,2,8:01 PM,9:53,,,MISS Taylor 24' 3PT Jump Shot,,,5,1642298,Celeste Taylor,1611661317.0,Phoenix,Mercury,PHO,0,0,,,,,,0,0,,,,,,1
1022400168,158,4,0,2,8:01 PM,9:48,Howard REBOUND (Off:1 Def:1),,,,,4,1631009,Rhyne Howard,1611661330.0,Atlanta,Dream,ATL,0,0,,,,,,0,0,,,,,,1
1022400168,159,1,80,2,8:01 PM,9:33,Howard 25' 3PT Step Back Jump Shot (7 PTS) (Jones 1 AST),,,24 - 20,-4,4,1631009,Rhyne Howard,1611661330.0,Atlanta,Dream,ATL,4,1641650,Haley Jones,1611661330.0,Atlanta,Dream,ATL,0,0,,,,,,1
1022400168,161,1,1,2,8:01 PM,9:11,,,Billings 13' Jump Shot (4 PTS) (Griner 2 AST),26 - 20,-6,5,1628881,Monique Billings,1611661317.0,Phoenix,Mercury,PHO,5,203398,Brittney Griner,1611661317.0,Phoenix,Mercury,PHO,0,0,,,,,,1
1022400168,163,2,1,2,8:02 PM,8:44,MISS Coffey 3PT Jump Shot,,,,,4,1628269,Nia Coffey,1611661330.0,Atlanta,Dream,ATL,0,0,,,,,,0,0,,,,,,1
1022400168,164,4,0,2,8:02 PM,8:39,,,Taurasi REBOUND (Off:0 Def:2),,,5,100940,Diana Taurasi,1611661317.0,Phoenix,Mercury,PHO,0,0,,,,,,0,0,,,,,,1
1022400168,165,6,2,2,8:02 PM,8:36,Howard S.FOUL (P2.T1),,,,,4,1631009,Rhyne Howard,1611661330.0,Atlanta,Dream,ATL,5,100940,Diana Taurasi,1611661317.0,Phoenix,Mercury,PHO,1,0,,,,,,1
1022400168,167,3,13,2,8:02 PM,8:36,,,MISS Taurasi Free Throw 1 of 3,,,5,100940,Diana Taurasi,1611661317.0,Phoenix,Mercury,PHO,0,0,,,,,,0,0,,,,,,0
1022400168,168,4,1,2,8:02 PM,8:36,,,Mercury Rebound,,,3,1611661317,,,,,,0,0,,,,,,0,0,,,,,,1
1022400168,169,8,0,2,8:03 PM,8:36,SUB: Canada FOR Coffey,,,,,4,1628269,Nia Coffey,1611661330.0,Atlanta,Dream,ATL,4,1628886,Jordin Canada,1611661330.0,Atlanta,Dream,ATL,0,0,,,,,,0
1022400168,170,8,0,2,8:03 PM,8:36,SUB: Charles FOR Jones,,,,,4,1641650,Haley Jones,1611661330.0,Atlanta,Dream,ATL,4,202250,Tina Charles,1611661330.0,Atlanta,Dream,ATL,0,0,,,,,,0
1022400168,171,8,0,2,8:03 PM,8:36,SUB: Hillmon FOR Cubaj,,,,,4,1631032,Lorela Cubaj,1611661330.0,Atlanta,Dream,ATL,4,1631044,Naz Hillmon,1611661330.0,Atlanta,Dream,ATL,0,0,,,,,,0
1022400168,172,8,0,2,8:03 PM,8:36,,,SUB: Cloud FOR Taylor,,,5,1642298,Celeste Taylor,1611661317.0,Phoenix,Mercury,PHO,5,204333,Natasha Cloud,1611661317.0,Phoenix,Mercury,PHO,0,0,,,,,,0
1022400168,173,8,0,2,8:03 PM,8:36,,,SUB: Cunningham FOR Billings,,,5,1628881,Monique Billings,1611661317.0,Phoenix,Mercury,PHO,5,1629482,Sophie Cunningham,1611661317.0,Phoenix,Mercury,PHO,0,0,,,,,,0
1022400168,179,3,14,2,8:03 PM,8:36,,,Taurasi Free Throw 2 of 3 (6 PTS),27 - 20,-7,5,100940,Diana Taurasi,1611661317.0,Phoenix,Mercury,PHO,0,0,,,,,,0,0,,,,,,0
1022400168,180,3,15,2,8:03 PM,8:36,,,Taurasi Free Throw 3 of 3 (7 PTS),28 - 20,-8,5,100940,Diana Taurasi,1611661317.0,Phoenix,Mercury,PHO,0,0,,,,,,0,0,,,,,,0
1022400168,181,2,1,2,8:03 PM,8:24,MISS Howard 24' 3PT Jump Shot,,,,,4,1631009,Rhyne Howard,1611661330.0,Atlanta,Dream,ATL,0,0,,,,,,0,0,,,,,,1
1022400168,182,4,0,2,8:03 PM,8:20,Caldwell REBOUND (Off:1 Def:0),,,,,4,1630471,Maya Caldwell,1611661330.0,Atlanta,Dream,ATL,0,0,,,,,,0,0,,,,,,1
1022400168,183,2,1,2,8:03 PM,8:19,MISS Canada 24' 3PT Jump Shot,,,,,4,1628886,Jordin Canada,1611661330.0,Atlanta,Dream,ATL,0,0,,,,,,0,0,,,,,,1
1022400168,184,4,0,2,8:03 PM,8:16,,,Cloud REBOUND (Off:0 Def:2),,,5,204333,Natasha Cloud,1611661317.0,Phoenix,Mercury,PHO,0,0,,,,,,0,0,,,,,,1
1022400168,185,6,1,2,8:04 PM,8:04,Canada P.FOUL (P2.T2),,,,,4,1628886,Jordin Canada,1611661330.0,Atlanta,Dream,ATL,5,204333,Natasha Cloud,1611661317.0,Phoenix,Mercury,PHO,1,0,,,,,,1
1022400168,187,8,0,2,8:04 PM,8:04,SUB: Gray FOR Howard,,,,,4,1631009,Rhyne Howard,1611661330.0,Atlanta,Dream,ATL,4,1628277,Allisha Gray,1611661330.0,Atlanta,Dream,ATL,0,0,,,,,,0
1022400168,189,1,98,2,8:04 PM,7:59,,,Taurasi 2' Cutting Layup Shot (9 PTS) (Cloud 2 AST),30 - 20,-10,5,100940,Diana Taurasi,1611661317.0,Phoenix,Mercury,PHO,5,204333,Natasha Cloud,1611661317.0,Phoenix,Mercury,PHO,0,0,,,,,,1
1022400168,191,6,2,2,8:04 PM,7:59,Gray S.FOUL (P1.T3),,,,,4,1628277,Allisha Gray,1611661330.0,Atlanta,Dream,ATL,5,100940,Diana Taurasi,1611661317.0,Phoenix,Mercury,PHO,1,0,,,,,,1
1022400168,193,3,10,2,8:05 PM,7:59,,,Taurasi Free Throw 1 of 1 (10 PTS),31 - 20,-11,5,100940,Diana Taurasi,1611661317.0,Phoenix,Mercury,PHO,0,0,,,,,,0,0,,,,,,0
1022400168,194,6,1,2,8:05 PM,7:49,,,Copper P.FOUL (P2.T1),,,5,1627674,Kahleah Copper,1611661317.0,Phoenix,Mercury,PHO,4,1628277,Allisha Gray,1611661330.0,Atlanta,Dream,ATL,1,0,,,,,,1
1022400168,196,2,79,2,8:05 PM,7:41,MISS Canada 24' 3PT Pullup Jump Shot,,,,,4,1628886,Jordin Canada,1611661330.0,Atlanta,Dream,ATL,0,0,,,,,,0,0,,,,,,1
1022400168,197,4,0,2,8:06 PM,7:38,,,Cloud REBOUND (Off:0 Def:3),,,5,204333,Natasha Cloud,1611661317.0,Phoenix,Mercury,PHO,0,0,,,,,,0,0,,,,,,1
1022400168,198,5,1,2,8:06 PM,7:32,Hillmon STEAL (1 STL),,Cloud Bad Pass Turnover (P4.T5),,,5,204333,Natasha Cloud,1611661317.0,Phoenix,Mercury,PHO,4,1631044,Naz Hillmon,1611661330.0,Atlanta,Dream,ATL,0,0,,,,,,1
1022400168,200,1,73,2,8:06 PM,7:23,Canada 1' Driving Reverse Layup (5 PTS),,,31 - 22,-9,4,1628886,Jordin Canada,1611661330.0,Atlanta,Dream,ATL,0,0,,,,,,0,0,,,,,,1
1022400168,201,2,79,2,8:06 PM,7:09,,,MISS Copper 17' Pullup Jump Shot,,,5,1627674,Kahleah Copper,1611661317.0,Phoenix,Mercury,PHO,0,0,,,,,,0,0,,,,,,1
1022400168,202,4,0,2,8:06 PM,7:07,Charles REBOUND (Off:0 Def:4),,,,,4,202250,Tina Charles,1611661330.0,Atlanta,Dream,ATL,0,0,,,,,,0,0,,,,,,1
1022400168,203,1,80,2,8:06 PM,7:02,Gray 17' Step Back Jump Shot (6 PTS),,,31 - 24,-7,4,1628277,Allisha Gray,1611661330.0,Atlanta,Dream,ATL,0,0,,,,,,0,0,,,,,,1
1022400168,204,9,1,2,8:06 PM,7:00,,,Mercury Timeout: Regular (Reg.1 Short 0),,,3,1611661317,,,,,,0,0,,,,,,0,0,,,,,,0
1022400168,205,2,6,2,8:10 PM,6:38,,,MISS Cloud 2' Driving Layup,,,5,204333,Natasha Cloud,1611661317.0,Phoenix,Mercury,PHO,0,0,,,,,,0,0,,,,,,1
1022400168,206,4,0,2,8:10 PM,6:38,Canada REBOUND (Off:0 Def:1),,,,,4,1628886,Jordin Canada,1611661330.0,Atlanta,Dream,ATL,0,0,,,,,,0,0,,,,,,1
1022400168,207,6,1,2,8:10 PM,6:38,,,Cloud P.FOUL (P3.T2),,,5,204333,Natasha Cloud,1611661317.0,Phoenix,Mercury,PHO,4,1628886,Jordin Canada,1611661330.0,Atlanta,Dream,ATL,1,0,,,,,,1
1022400168,209,8,0,2,8:10 PM,6:38,,,SUB: Taylor FOR Cloud,,,5,204333,Natasha Cloud,1611661317.0,Phoenix,Mercury,PHO,5,1642298,Celeste Taylor,1611661317.0,Phoenix,Mercury,PHO,0,0,,,,,,0
1022400168,211,1,98,2,8:11 PM,6:20,Hillmon 1' Cutting Layup Shot (4 PTS) (Canada 2 AST),,,31 - 26,-5,4,1631044,Naz Hillmon,1611661330.0,Atlanta,Dream,ATL,4,1628886,Jordin Canada,1611661330.0,Atlanta,Dream,ATL,0,0,,,,,,1
1022400168,213,1,47,2,8:11 PM,5:56,,,Griner 9' Turnaround Jump Shot (10 PTS) (Taurasi 2 AST),33 - 26,-7,5,203398,Brittney Griner,1611661317.0,Phoenix,Mercury,PHO,5,100940,Diana Taurasi,1611661317.0,Phoenix,Mercury,PHO,0,0,,,,,,1
1022400168,215,1,79,2,8:11 PM,5:35,Caldwell 17' Pullup Jump Shot (2 PTS) (Canada 3 AST),,,33 - 28,-5,4,1630471,Maya Caldwell,1611661330.0,Atlanta,Dream,ATL,4,1628886,Jordin Canada,1611661330.0,Atlanta,Dream,ATL,0,0,,,,,,1
1022400168,217,1,44,2,8:12 PM,5:13,,,Taylor 1' Reverse Layup (4 PTS) (Griner 3 AST),35 - 28,-7,5,1642298,Celeste Taylor,1611661317.0,Phoenix,Mercury,PHO,5,203398,Brittney Griner,1611661317.0,Phoenix,Mercury,PHO,0,0,,,,,,1
1022400168,219,5,1,2,8:12 PM,4:50,Canada Bad Pass Turnover (P1.T4),,Taurasi STEAL (1 STL),,,4,1628886,Jordin Canada,1611661330.0,Atlanta,Dream,ATL,5,100940,Diana Taurasi,1611661317.0,Phoenix,Mercury,PHO,0,0,,,,,,1
1022400168,221,1,41,2,8:12 PM,4:47,,,Taylor 2' Running Layup (6 PTS) (Taurasi 3 AST),37 - 28,-9,5,1642298,Celeste Taylor,1611661317.0,Phoenix,Mercury,PHO,5,100940,Diana Taurasi,1611661317.0,Phoenix,Mercury,PHO,0,0,,,,,,1
1022400168,223,6,2,2,8:12 PM,4:47,Caldwell S.FOUL (P1.T4),,,,,4,1630471,Maya Caldwell,1611661330.0,Atlanta,Dream,ATL,5,1642298,Celeste Taylor,1611661317.0,Phoenix,Mercury,PHO,1,0,,,,,,1
1022400168,225,8,0,2,8:12 PM,4:47,SUB: Howard FOR Caldwell,,,,,4,1630471,Maya Caldwell,1611661330.0,Atlanta,Dream,ATL,4,1631009,Rhyne Howard,1611661330.0,Atlanta,Dream,ATL,0,0,,,,,,0
1022400168,226,8,0,2,8:12 PM,4:47,,,SUB: Mack FOR Taurasi,,,5,100940,Diana Taurasi,1611661317.0,Phoenix,Mercury,PHO,5,1630442,Natasha Mack,1611661317.0,Phoenix,Mercury,PHO,0,0,,,,,,0
1022400168,227,8,0,2,8:12 PM,4:47,,,SUB: Billings FOR Griner,,,5,203398,Brittney Griner,1611661317.0,Phoenix,Mercury,PHO,5,1628881,Monique Billings,1611661317.0,Phoenix,Mercury,PHO,0,0,,,,,,0
1022400168,231,3,10,2,8:13 PM,4:47,,,MISS Taylor Free Throw 1 of 1,,,5,1642298,Celeste Taylor,1611661317.0,Phoenix,Mercury,PHO,0,0,,,,,,0,0,,,,,,0
1022400168,232,4,0,2,8:13 PM,4:44,Charles REBOUND (Off:0 Def:5),,,,,4,202250,Tina Charles,1611661330.0,Atlanta,Dream,ATL,0,0,,,,,,0,0,,,,,,1
1022400168,233,5,40,2,8:13 PM,4:28,Canada Out of Bounds Lost Ball Turnover (P2.T5),,,,,4,1628886,Jordin Canada,1611661330.0,Atlanta,Dream,ATL,0,0,,,,,,1,0,,,,,,1
1022400168,234,6,1,2,8:14 PM,4:13,Howard P.FOUL (P3.PN),,,,,4,1631009,Rhyne Howard,1611661330.0,Atlanta,Dream,ATL,5,1629482,Sophie Cunningham,1611661317.0,Phoenix,Mercury,PHO,1,0,,,,,,1
1022400168,236,3,11,2,8:14 PM,4:13,,,Cunningham Free Throw 1 of 2 (3 PTS),38 - 28,-10,5,1629482,Sophie Cunningham,1611661317.0,Phoenix,Mercury,PHO,0,0,,,,,,0,0,,,,,,0
1022400168,237,8,0,2,8:14 PM,4:13,SUB: Caldwell FOR Howard,,,,,4,1631009,Rhyne Howard,1611661330.0,Atlanta,Dream,ATL,4,1630471,Maya Caldwell,1611661330.0,Atlanta,Dream,ATL,0,0,,,,,,0
1022400168,239,3,12,2,8:15 PM,4:13,,,Cunningham Free Throw 2 of 2 (4 PTS),39 - 28,-11,5,1629482,Sophie Cunningham,1611661317.0,Phoenix,Mercury,PHO,0,0,,,,,,0,0,,,,,,0
1022400168,240,2,6,2,8:15 PM,3:55,MISS Gray 6' Driving Layup,,,,,4,1628277,Allisha Gray,1611661330.0,Atlanta,Dream,ATL,0,0,,,,,,0,0,,,,,,1
1022400168,241,4,0,2,8:15 PM,3:54,Charles REBOUND (Off:1 Def:5),,,,,4,202250,Tina Charles,1611661330.0,Atlanta,Dream,ATL,0,0,,,,,,0,0,,,,,,1
1022400168,242,1,72,2,8:15 PM,3:54,Charles 1' Putback Layup (4 PTS),,,39 - 30,-9,4,202250,Tina Charles,1611661330.0,Atlanta,Dream,ATL,0,0,,,,,,0,0,,,,,,1
1022400168,243,6,2,2,8:15 PM,3:54,,,Cunningham S.FOUL (P2.T3),,,5,1629482,Sophie Cunningham,1611661317.0,Phoenix,Mercury,PHO,4,202250,Tina Charles,1611661330.0,Atlanta,Dream,ATL,1,0,,,,,,1
1022400168,245,3,10,2,8:15 PM,3:54,Charles Free Throw 1 of 1 (5 PTS),,,39 - 31,-8,4,202250,Tina Charles,1611661330.0,Atlanta,Dream,ATL,0,0,,,,,,0,0,,,,,,0
1022400168,246,6,2,2,8:16 PM,3:43,Gray S.FOUL (P2.PN),,,,,4,1628277,Allisha Gray,1611661330.0,Atlanta,Dream,ATL,5,1627674,Kahleah Copper,1611661317.0,Phoenix,Mercury,PHO,1,0,,,,,,1
1022400168,248,3,11,2,8:16 PM,3:43,,,Copper Free Throw 1 of 2 (6 PTS),40 - 31,-9,5,1627674,Kahleah Copper,1611661317.0,Phoenix,Mercury,PHO,0,0,,,,,,0,0,,,,,,0
1022400168,249,8,0,2,8:16 PM,3:43,,,SUB: Griner FOR Mack,,,5,1630442,Natasha Mack,1611661317.0,Phoenix,Mercury,PHO,5,203398,Brittney Griner,1611661317.0,Phoenix,Mercury,PHO,0,0,,,,,,0
1022400168,250,8,0,2,8:16 PM,3:43,,,SUB: Taurasi FOR Taylor,,,5,1642298,Celeste Taylor,1611661317.0,Phoenix,Mercury,PHO,5,100940,Diana Taurasi,1611661317.0,Phoenix,Mercury,PHO,0,0,,,,,,0
1022400168,253,3,12,2,8:16 PM,3:43,,,Copper Free Throw 2 of 2 (7 PTS),41 - 31,-10,5,1627674,Kahleah Copper,1611661317.0,Phoenix,Mercury,PHO,0,0,,,,,,0,0,,,,,,0
1022400168,254,5,1,2,8:17 PM,3:20,Canada Bad Pass Turnover (P3.T6),,Cunningham STEAL (2 STL),,,4,1628886,Jordin Canada,1611661330.0,Atlanta,Dream,ATL,5,1629482,Sophie Cunningham,1611661317.0,Phoenix,Mercury,PHO,0,0,,,,,,1
1022400168,256,2,6,2,8:17 PM,3:13,,,MISS Copper 2' Driving Layup,,,5,1627674,Kahleah Copper,1611661317.0,Phoenix,Mercury,PHO,0,0,,,,,,0,0,,,,,,1
1022400168,257,4,0,2,8:17 PM,3:10,Hillmon REBOUND (Off:0 Def:2),,,,,4,1631044,Naz Hillmon,1611661330.0,Atlanta,Dream,ATL,0,0,,,,,,0,0,,,,,,1
1022400168,258,1,5,2,8:17 PM,3:04,Charles 4' Layup (7 PTS) (Caldwell 1 AST),,,41 - 33,-8,4,202250,Tina Charles,1611661330.0,Atlanta,Dream,ATL,4,1630471,Maya Caldwell,1611661330.0,Atlanta,Dream,ATL,0,0,,,,,,1
1022400168,260,1,1,2,8:17 PM,2:43,,,Copper 3PT Jump Shot (10 PTS) (Griner 4 AST),44 - 33,-11,5,1627674,Kahleah Copper,1611661317.0,Phoenix,Mercury,PHO,5,203398,Brittney Griner,1611661317.0,Phoenix,Mercury,PHO,0,0,,,,,,1
1022400168,262,6,1,2,8:18 PM,2:28,,,Taurasi P.FOUL (P1.T4),,,5,100940,Diana Taurasi,1611661317.0,Phoenix,Mercury,PHO,4,202250,Tina Charles,1611661330.0,Atlanta,Dream,ATL,1,0,,,,,,1
1022400168,264,2,79,2,8:18 PM,2:25,MISS Gray 24' 3PT Pullup Jump Shot,,,,,4,1628277,Allisha Gray,1611661330.0,Atlanta,Dream,ATL,0,0,,,,,,0,0,,,,,,1
1022400168,265,4,0,2,8:18 PM,2:21,,,Billings REBOUND (Off:2 Def:2),,,5,1628881,Monique Billings,1611661317.0,Phoenix,Mercury,PHO,0,0,,,,,,0,0,,,,,,1
1022400168,266,5,1,2,8:18 PM,2:15,Canada STEAL (2 STL),,Cunningham Bad Pass Turnover (P1.T6),,,5,1629482,Sophie Cunningham,1611661317.0,Phoenix,Mercury,PHO,4,1628886,Jordin Canada,1611661330.0,Atlanta,Dream,ATL,0,0,,,,,,1
1022400168,268,1,41,2,8:18 PM,2:11,Caldwell 2' Running Layup (4 PTS) (Gray 2 AST),,,44 - 35,-9,4,1630471,Maya Caldwell,1611661330.0,Atlanta,Dream,ATL,4,1628277,Allisha Gray,1611661330.0,Atlanta,Dream,ATL,0,0,,,,,,1
1022400168,270,6,1,2,8:19 PM,1:53,Canada P.FOUL (P3.PN),,,,,4,1628886,Jordin Canada,1611661330.0,Atlanta,Dream,ATL,5,1629482,Sophie Cunningham,1611661317.0,Phoenix,Mercury,PHO,1,0,,,,,,1
1022400168,272,3,11,2,8:19 PM,1:53,,,Cunningham Free Throw 1 of 2 (5 PTS),45 - 35,-10,5,1629482,Sophie Cunningham,1611661317.0,Phoenix,Mercury,PHO,0,0,,,,,,0,0,,,,,,0
1022400168,273,3,12,2,8:19 PM,1:53,,,Cunningham Free Throw 2 of 2 (6 PTS),46 - 35,-11,5,1629482,Sophie Cunningham,1611661317.0,Phoenix,Mercury,PHO,0,0,,,,,,0,0,,,,,,0
1022400168,274,1,1,2,8:20 PM,1:31,Caldwell 24' 3PT Jump Shot (7 PTS) (Canada 4 AST),,,46 - 38,-8,4,1630471,Maya Caldwell,1611661330.0,Atlanta,Dream,ATL,4,1628886,Jordin Canada,1611661330.0,Atlanta,Dream,ATL,0,0,,,,,,1
1022400168,277,2,1,2,8:20 PM,1:07,,,MISS Taurasi 24' 3PT Jump Shot,,,5,100940,Diana Taurasi,1611661317.0,Phoenix,Mercury,PHO,0,0,,,,,,0,0,,,,,,1
1022400168,278,4,0,2,8:20 PM,1:04,Gray REBOUND (Off:1 Def:2),,,,,4,1628277,Allisha Gray,1611661330.0,Atlanta,Dream,ATL,0,0,,,,,,0,0,,,,,,1
1022400168,279,2,41,2,8:20 PM,0:59,MISS Gray 4' Running Layup,,,,,4,1628277,Allisha Gray,1611661330.0,Atlanta,Dream,ATL,0,0,,,,,,0,0,,,,,,1
1022400168,280,4,0,2,8:20 PM,0:57,DREAM Rebound,,,,,2,1611661330,,,,,,0,0,,,,,,0,0,,,,,,1
1022400168,282,8,0,2,8:21 PM,0:57,,,SUB: Taylor FOR Billings,,,5,1628881,Monique Billings,1611661317.0,Phoenix,Mercury,PHO,5,1642298,Celeste Taylor,1611661317.0,Phoenix,Mercury,PHO,0,0,,,,,,0
1022400168,284,6,4,2,8:21 PM,0:54,Gray OFF.Foul (P3),,,,,4,1628277,Allisha Gray,1611661330.0,Atlanta,Dream,ATL,5,1629482,Sophie Cunningham,1611661317.0,Phoenix,Mercury,PHO,1,0,,,,,,1
1022400168,286,5,37,2,8:21 PM,0:54,Gray Offensive Foul Turnover (P2.T7),,,,,4,1628277,Allisha Gray,1611661330.0,Atlanta,Dream,ATL,0,0,,,,,,1,0,,,,,,1
1022400168,287,1,6,2,8:22 PM,0:39,,,Copper 2' Driving Layup (12 PTS) (Griner 5 AST),48 - 38,-10,5,1627674,Kahleah Copper,1611661317.0,Phoenix,Mercury,PHO,5,203398,Brittney Griner,1611661317.0,Phoenix,Mercury,PHO,0,0,,,,,,1
1022400168,289,1,1,2,8:22 PM,0:22,Gray 24' 3PT Jump Shot (9 PTS) (Charles 2 AST),,,48 - 41,-7,4,1628277,Allisha Gray,1611661330.0,Atlanta,Dream,ATL,4,202250,Tina Charles,1611661330.0,Atlanta,Dream,ATL,0,0,,,,,,1
1022400168,291,2,6,2,8:22 PM,0:03,,,MISS Copper 1' Driving Layup,,,5,1627674,Kahleah Copper,1611661317.0,Phoenix,Mercury,PHO,0,0,,,,,,0,0,,,,,,1
1022400168,292,4,0,2,8:23 PM,0:00,Charles REBOUND (Off:1 Def:6),,,,,4,202250,Tina Charles,1611661330.0,Atlanta,Dream,ATL,0,0,,,,,,0,0,,,,,,1
1022400168,293,2,1,2,8:23 PM,0:00,MISS Canada 39' 3PT Jump Shot,,,,,4,1628886,Jordin Canada,1611661330.0,Atlanta,Dream,ATL,0,0,,,,,,0,0,,,,,,1
1022400168,294,4,0,2,8:23 PM,0:00,DREAM Rebound,,,,,2,1611661330,,,,,,0,0,,,,,,0,0,,,,,,1
1022400168,295,13,0,2,8:23 PM,0:00,,End of 2nd Period (8:23 PM EST),,48 - 41,-7,0,0,,,,,,0,0,,,,,,0,0,,,,,,1
1022400168,300,12,0,3,8:38 PM,10:00,,Start of 3rd Period (8:38 PM EST),,48 - 41,-7,0,0,,,,,,0,0,,,,,,0,0,,,,,,0
1022400168,301,5,1,3,8:39 PM,9:40,Howard Bad Pass Turnover (P1.T8),,Cloud STEAL (1 STL),,,4,1631009,Rhyne Howard,1611661330.0,Atlanta,Dream,ATL,5,204333,Natasha Cloud,1611661317.0,Phoenix,Mercury,PHO,0,0,,,,,,1
1022400168,303,5,1,3,8:39 PM,9:23,Howard STEAL (1 STL),,Griner Bad Pass Turnover (P1.T7),,,5,203398,Brittney Griner,1611661317.0,Phoenix,Mercury,PHO,4,1631009,Rhyne Howard,1611661330.0,Atlanta,Dream,ATL,0,0,,,,,,1
1022400168,305,1,41,3,8:39 PM,9:19,Gray 1' Running Layup (11 PTS) (Howard 2 AST),,,48 - 43,-5,4,1628277,Allisha Gray,1611661330.0,Atlanta,Dream,ATL,4,1631009,Rhyne Howard,1611661330.0,Atlanta,Dream,ATL,0,0,,,,,,1
1022400168,307,6,4,3,8:39 PM,9:04,,,Taurasi OFF.Foul (P2),,,5,100940,Diana Taurasi,1611661317.0,Phoenix,Mercury,PHO,4,1628277,Allisha Gray,1611661330.0,Atlanta,Dream,ATL,1,0,,,,,,1
1022400168,309,5,37,3,8:39 PM,9:04,,,Taurasi Offensive Foul Turnover (P2.T8),,,5,100940,Diana Taurasi,1611661317.0,Phoenix,Mercury,PHO,0,0,,,,,,1,0,,,,,,1
1022400168,310,1,6,3,8:40 PM,8:48,Canada 1' Driving Layup (7 PTS) (Charles 3 AST),,,48 - 45,-3,4,1628886,Jordin Canada,1611661330.0,Atlanta,Dream,ATL,4,202250,Tina Charles,1611661330.0,Atlanta,Dream,ATL,0,0,,,,,,1
1022400168,312,1,1,3,8:40 PM,8:32,,,Griner 13' Jump Shot (12 PTS) (Cloud 3 AST),50 - 45,-5,5,203398,Brittney Griner,1611661317.0,Phoenix,Mercury,PHO,5,204333,Natasha Cloud,1611661317.0,Phoenix,Mercury,PHO,0,0,,,,,,1
1022400168,314,2,1,3,8:40 PM,8:17,MISS Charles 25' 3PT Jump Shot,,,,,4,202250,Tina Charles,1611661330.0,Atlanta,Dream,ATL,0,0,,,,,,0,0,,,,,,1
1022400168,315,4,0,3,8:41 PM,8:14,,,Cunningham REBOUND (Off:1 Def:3),,,5,1629482,Sophie Cunningham,1611661317.0,Phoenix,Mercury,PHO,0,0,,,,,,0,0,,,,,,1
1022400168,316,1,6,3,8:41 PM,8:02,,,Cloud 1' Driving Layup (2 PTS) (Griner 6 AST),52 - 45,-7,5,204333,Natasha Cloud,1611661317.0,Phoenix,Mercury,PHO,5,203398,Brittney Griner,1611661317.0,Phoenix,Mercury,PHO,0,0,,,,,,1
1022400168,318,2,79,3,8:41 PM,7:35,MISS Gray 18' Pullup Jump Shot,,,,,4,1628277,Allisha Gray,1611661330.0,Atlanta,Dream,ATL,0,0,,,,,,0,0,,,,,,1
1022400168,319,4,0,3,8:41 PM,7:32,,,Griner REBOUND (Off:0 Def:2),,,5,203398,Brittney Griner,1611661317.0,Phoenix,Mercury,PHO,0,0,,,,,,0,0,,,,,,1
1022400168,320,2,103,3,8:41 PM,7:28,,,MISS Copper 18' Running Pull-Up Jump Shot,,,5,1627674,Kahleah Copper,1611661317.0,Phoenix,Mercury,PHO,0,0,,,,,,0,0,,,,,,1
1022400168,321,4,0,3,8:41 PM,7:28,Charles REBOUND (Off:1 Def:7),,,,,4,202250,Tina Charles,1611661330.0,Atlanta,Dream,ATL,0,0,,,,,,0,0,,,,,,1
1022400168,322,6,2,3,8:41 PM,7:20,,,Cloud S.FOUL (P4.T1),,,5,204333,Natasha Cloud,1611661317.0,Phoenix,Mercury,PHO,4,1631009,Rhyne Howard,1611661330.0,Atlanta,Dream,ATL,1,0,,,,,,1
1022400168,324,3,11,3,8:42 PM,7:20,MISS Howard Free Throw 1 of 2,,,,,4,1631009,Rhyne Howard,1611661330.0,Atlanta,Dream,ATL,0,0,,,,,,0,0,,,,,,0
1022400168,325,4,1,3,8:42 PM,7:20,DREAM Rebound,,,,,2,1611661330,,,,,,0,0,,,,,,0,0,,,,,,1
1022400168,326,3,12,3,8:42 PM,7:20,Howard Free Throw 2 of 2 (8 PTS),,,52 - 46,-6,4,1631009,Rhyne Howard,1611661330.0,Atlanta,Dream,ATL,0,0,,,,,,0,0,,,,,,0
1022400168,327,5,45,3,8:43 PM,7:02,,,Copper Out of Bounds - Bad Pass Turnover Turnover (P1.T9),,,5,1627674,Kahleah Copper,1611661317.0,Phoenix,Mercury,PHO,0,0,,,,,,1,0,,,,,,1
1022400168,328,1,1,3,8:43 PM,6:47,Canada 25' 3PT Jump Shot (10 PTS) (Gray 3 AST),,,52 - 49,-3,4,1628886,Jordin Canada,1611661330.0,Atlanta,Dream,ATL,4,1628277,Allisha Gray,1611661330.0,Atlanta,Dream,ATL,0,0,,,,,,1
1022400168,330,9,1,3,8:43 PM,6:45,,,Mercury Timeout: Regular (Reg.2 Short 0),,,3,1611661317,,,,,,0,0,,,,,,0,0,,,,,,0
1022400168,333,2,6,3,8:47 PM,6:24,,,MISS Copper 1' Driving Layup,,,5,1627674,Kahleah Copper,1611661317.0,Phoenix,Mercury,PHO,0,0,,,,,,0,0,,,,,,1
1022400168,334,4,0,3,8:47 PM,6:21,Hillmon REBOUND (Off:0 Def:3),,,,,4,1631044,Naz Hillmon,1611661330.0,Atlanta,Dream,ATL,0,0,,,,,,0,0,,,,,,1
1022400168,335,2,41,3,8:47 PM,6:17,MISS Canada 4' Running Layup,,,,,4,1628886,Jordin Canada,1611661330.0,Atlanta,Dream,ATL,0,0,,,,,,0,0,,,,,,1
1022400168,336,4,0,3,8:47 PM,6:16,,,Mercury Rebound,,,3,1611661317,,,,,,0,0,,,,,,0,0,,,,,,1
1022400168,338,1,47,3,8:48 PM,5:55,,,Griner 10' Turnaround Jump Shot (14 PTS) (Taurasi 4 AST),54 - 49,-5,5,203398,Brittney Griner,1611661317.0,Phoenix,Mercury,PHO,5,100940,Diana Taurasi,1611661317.0,Phoenix,Mercury,PHO,0,0,,,,,,1
1022400168,340,2,79,3,8:48 PM,5:31,MISS Charles 19' Pullup Jump Shot,,,,,4,202250,Tina Charles,1611661330.0,Atlanta,Dream,ATL,0,0,,,,,,0,0,,,,,,1
1022400168,341,4,0,3,8:48 PM,5:28,Canada REBOUND (Off:1 Def:1),,,,,4,1628886,Jordin Canada,1611661330.0,Atlanta,Dream,ATL,0,0,,,,,,0,0,,,,,,1
1022400168,342,2,1,3,8:48 PM,5:26,MISS Howard 24' 3PT Jump Shot,,,,,4,1631009,Rhyne Howard,1611661330.0,Atlanta,Dream,ATL,0,0,,,,,,0,0,,,,,,1
1022400168,343,4,0,3,8:48 PM,5:24,,,Cunningham REBOUND (Off:1 Def:4),,,5,1629482,Sophie Cunningham,1611661317.0,Phoenix,Mercury,PHO,0,0,,,,,,0,0,,,,,,1
1022400168,344,1,103,3,8:48 PM,5:20,,,Taurasi 25' 3PT Running Pull-Up Jump Shot (13 PTS) (Cloud 4 AST),57 - 49,-8,5,100940,Diana Taurasi,1611661317.0,Phoenix,Mercury,PHO,5,204333,Natasha Cloud,1611661317.0,Phoenix,Mercury,PHO,0,0,,,,,,1
1022400168,346,9,1,3,8:49 PM,5:20,DREAM Timeout: Regular (Full 2 Short 0),,,,,2,1611661330,,,,,,0,0,,,,,,0,0,,,,,,0
1022400168,347,2,101,3,8:51 PM,5:00,MISS Howard 13' Driving Floating Jump Shot,,Griner BLOCK (4 BLK),,,4,1631009,Rhyne Howard,1611661330.0,Atlanta,Dream,ATL,0,0,,,,,,5,203398,Brittney Griner,1611661317.0,Phoenix,Mercury,PHO,1
1022400168,349,4,0,3,8:51 PM,4:59,,,Cunningham REBOUND (Off:1 Def:5),,,5,1629482,Sophie Cunningham,1611661317.0,Phoenix,Mercury,PHO,0,0,,,,,,0,0,,,,,,1
1022400168,350,9,1,3,8:51 PM,4:53,,,Mercury Timeout: Regular (Reg.3 Short 0),,,3,1611661317,,,,,,0,0,,,,,,0,0,,,,,,0
1022400168,351,8,0,3,8:52 PM,4:53,,,SUB: Billings FOR Taurasi,,,5,100940,Diana Taurasi,1611661317.0,Phoenix,Mercury,PHO,5,1628881,Monique Billings,1611661317.0,Phoenix,Mercury,PHO,0,0,,,,,,0
1022400168,353,2,1,3,8:53 PM,4:44,,,MISS Copper 3PT Jump Shot,,,5,1627674,Kahleah Copper,1611661317.0,Phoenix,Mercury,PHO,0,0,,,,,,0,0,,,,,,1
1022400168,354,4,0,3,8:53 PM,4:41,Charles REBOUND (Off:1 Def:8),,,,,4,202250,Tina Charles,1611661330.0,Atlanta,Dream,ATL,0,0,,,,,,0,0,,,,,,1
1022400168,355,2,1,3,8:53 PM,4:32,MISS Hillmon 15' Jump Shot,,,,,4,1631044,Naz Hillmon,1611661330.0,Atlanta,Dream,ATL,0,0,,,,,,0,0,,,,,,1
1022400168,356,4,0,3,8:53 PM,4:30,Charles REBOUND (Off:2 Def:8),,,,,4,202250,Tina Charles,1611661330.0,Atlanta,Dream,ATL,0,0,,,,,,0,0,,,,,,1
1022400168,357,1,97,3,8:53 PM,4:29,Charles 1' Tip Layup Shot (9 PTS),,,57 - 51,-6,4,202250,Tina Charles,1611661330.0,Atlanta,Dream,ATL,0,0,,,,,,0,0,,,,,,1
1022400168,358,2,79,3,8:54 PM,4:03,,,MISS Cloud 3PT Pullup Jump Shot,,,5,204333,Natasha Cloud,1611661317.0,Phoenix,Mercury,PHO,0,0,,,,,,0,0,,,,,,1
1022400168,359,4,0,3,8:54 PM,3:59,,,Griner REBOUND (Off:1 Def:2),,,5,203398,Brittney Griner,1611661317.0,Phoenix,Mercury,PHO,0,0,,,,,,0,0,,,,,,1
1022400168,360,1,3,3,8:54 PM,3:56,,,Griner 5' Hook Shot (16 PTS),59 - 51,-8,5,203398,Brittney Griner,1611661317.0,Phoenix,Mercury,PHO,0,0,,,,,,0,0,,,,,,1
1022400168,361,1,1,3,8:54 PM,3:48,Howard 3PT Jump Shot (11 PTS) (Canada 5 AST),,,59 - 54,-5,4,1631009,Rhyne Howard,1611661330.0,Atlanta,Dream,ATL,4,1628886,Jordin Canada,1611661330.0,Atlanta,Dream,ATL,0,0,,,,,,1
1022400168,363,2,1,3,8:54 PM,3:25,,,MISS Copper 24' 3PT Jump Shot,,,5,1627674,Kahleah Copper,1611661317.0,Phoenix,Mercury,PHO,0,0,,,,,,0,0,,,,,,1
1022400168,364,4,0,3,8:54 PM,3:22,Hillmon REBOUND (Off:0 Def:4),,,,,4,1631044,Naz Hillmon,1611661330.0,Atlanta,Dream,ATL,0,0,,,,,,0,0,,,,,,1
1022400168,365,2,1,3,8:55 PM,3:12,MISS Charles 21' Jump Shot,,,,,4,202250,Tina Charles,1611661330.0,Atlanta,Dream,ATL,0,0,,,,,,0,0,,,,,,1
1022400168,366,4,0,3,8:55 PM,3:09,,,Copper REBOUND (Off:0 Def:2),,,5,1627674,Kahleah Copper,1611661317.0,Phoenix,Mercury,PHO,0,0,,,,,,0,0,,,,,,1
1022400168,367,1,6,3,8:55 PM,3:02,,,Copper Driving Layup (14 PTS),61 - 54,-7,5,1627674,Kahleah Copper,1611661317.0,Phoenix,Mercury,PHO,0,0,,,,,,0,0,,,,,,1
1022400168,368,2,1,3,8:55 PM,2:44,MISS Howard 24' 3PT Jump Shot,,,,,4,1631009,Rhyne Howard,1611661330.0,Atlanta,Dream,ATL,0,0,,,,,,0,0,,,,,,1
1022400168,369,4,0,3,8:55 PM,2:41,,,Copper REBOUND (Off:0 Def:3),,,5,1627674,Kahleah Copper,1611661317.0,Phoenix,Mercury,PHO,0,0,,,,,,0,0,,,,,,1
1022400168,370,2,41,3,8:55 PM,2:38,,,MISS Billings 1' Running Layup,,,5,1628881,Monique Billings,1611661317.0,Phoenix,Mercury,PHO,0,0,,,,,,0,0,,,,,,1
1022400168,371,4,0,3,8:55 PM,2:35,Charles REBOUND (Off:2 Def:9),,,,,4,202250,Tina Charles,1611661330.0,Atlanta,Dream,ATL,0,0,,,,,,0,0,,,,,,1
1022400168,372,2,79,3,8:55 PM,2:21,MISS Canada 16' Pullup Jump Shot,,,,,4,1628886,Jordin Canada,1611661330.0,Atlanta,Dream,ATL,0,0,,,,,,0,0,,,,,,1
1022400168,373,4,0,3,8:55 PM,2:19,,,Cunningham REBOUND (Off:1 Def:6),,,5,1629482,Sophie Cunningham,1611661317.0,Phoenix,Mercury,PHO,0,0,,,,,,0,0,,,,,,1
1022400168,374,2,6,3,8:56 PM,2:00,Canada BLOCK (1 BLK),,MISS Griner 8' Driving Layup,,,5,203398,Brittney Griner,1611661317.0,Phoenix,Mercury,PHO,0,0,,,,,,4,1628886,Jordin Canada,1611661330.0,Atlanta,Dream,ATL,1
1022400168,376,4,0,3,8:56 PM,1:58,Hillmon REBOUND (Off:0 Def:5),,,,,4,1631044,Naz Hillmon,1611661330.0,Atlanta,Dream,ATL,0,0,,,,,,0,0,,,,,,1
1022400168,377,2,79,3,8:56 PM,1:45,MISS Gray 16' Pullup Jump Shot,,,,,4,1628277,Allisha Gray,1611661330.0,Atlanta,Dream,ATL,0,0,,,,,,0,0,,,,,,1
1022400168,378,4,0,3,8:56 PM,1:44,,,Mercury Rebound,,,3,1611661317,,,,,,0,0,,,,,,0,0,,,,,,1
1022400168,380,8,0,3,8:56 PM,1:44,SUB: Coffey FOR Hillmon,,,,,4,1631044,Naz Hillmon,1611661330.0,Atlanta,Dream,ATL,4,1628269,Nia Coffey,1611661330.0,Atlanta,Dream,ATL,0,0,,,,,,0
1022400168,381,8,0,3,8:56 PM,1:44,,,SUB: Mack FOR Griner,,,5,203398,Brittney Griner,1611661317.0,Phoenix,Mercury,PHO,5,1630442,Natasha Mack,1611661317.0,Phoenix,Mercury,PHO,0,0,,,,,,0
1022400168,560,8,0,3,8:56 PM,1:44,SUB: Caldwell FOR Gray,,,,,4,1628277,Allisha Gray,1611661330.0,Atlanta,Dream,ATL,4,1630471,Maya Caldwell,1611661330.0,Atlanta,Dream,ATL,0,0,,,,,,0
1022400168,561,8,0,3,8:56 PM,1:44,,,SUB: Taylor FOR Cunningham,,,5,1629482,Sophie Cunningham,1611661317.0,Phoenix,Mercury,PHO,5,1642298,Celeste Taylor,1611661317.0,Phoenix,Mercury,PHO,0,0,,,,,,0
1022400168,384,2,5,3,8:57 PM,1:30,Coffey BLOCK (1 BLK),,MISS Billings 6' Layup,,,5,1628881,Monique Billings,1611661317.0,Phoenix,Mercury,PHO,0,0,,,,,,4,1628269,Nia Coffey,1611661330.0,Atlanta,Dream,ATL,1
1022400168,386,4,0,3,8:57 PM,1:29,DREAM Rebound,,,,,2,1611661330,,,,,,0,0,,,,,,0,0,,,,,,1
1022400168,388,1,58,3,8:57 PM,1:16,Charles 10' Turnaround Hook Shot (11 PTS) (Canada 6 AST),,,61 - 56,-5,4,202250,Tina Charles,1611661330.0,Atlanta,Dream,ATL,4,1628886,Jordin Canada,1611661330.0,Atlanta,Dream,ATL,0,0,,,,,,1
1022400168,390,1,1,3,8:57 PM,1:02,,,Mack 12' Jump Shot (2 PTS) (Cloud 5 AST),63 - 56,-7,5,1630442,Natasha Mack,1611661317.0,Phoenix,Mercury,PHO,5,204333,Natasha Cloud,1611661317.0,Phoenix,Mercury,PHO,0,0,,,,,,1
1022400168,409,10,0,3,8:58 PM,0:51,Jump Ball Caldwell vs. Copper: Tip to Caldwell,,,,,4,1630471,Maya Caldwell,1611661330.0,Atlanta,Dream,ATL,5,1627674,Kahleah Copper,1611661317.0,Phoenix,Mercury,PHO,4,1630471,Maya Caldwell,1611661330.0,Atlanta,Dream,ATL,0
1022400168,394,1,1,3,8:58 PM,0:51,Canada 26' 3PT Jump Shot (13 PTS),,,63 - 59,-4,4,1628886,Jordin Canada,1611661330.0,Atlanta,Dream,ATL,0,0,,,,,,0,0,,,,,,1
1022400168,395,5,40,3,8:58 PM,0:38,,,Copper Out of Bounds Lost Ball Turnover (P2.T10),,,5,1627674,Kahleah Copper,1611661317.0,Phoenix,Mercury,PHO,0,0,,,,,,1,0,,,,,,1
1022400168,396,8,0,3,8:58 PM,0:38,,,SUB: Taurasi FOR Copper,,,5,1627674,Kahleah Copper,1611661317.0,Phoenix,Mercury,PHO,5,100940,Diana Taurasi,1611661317.0,Phoenix,Mercury,PHO,0,0,,,,,,0
1022400168,398,2,5,3,8:59 PM,0:27,MISS Coffey 4' Layup,,Mack BLOCK (1 BLK),,,4,1628269,Nia Coffey,1611661330.0,Atlanta,Dream,ATL,0,0,,,,,,5,1630442,Natasha Mack,1611661317.0,Phoenix,Mercury,PHO,1
1022400168,400,4,0,3,8:59 PM,0:26,,,Mack REBOUND (Off:1 Def:3),,,5,1630442,Natasha Mack,1611661317.0,Phoenix,Mercury,PHO,0,0,,,,,,0,0,,,,,,1
1022400168,403,1,79,3,8:59 PM,0:06,,,Cloud 17' Pullup Jump Shot (4 PTS),65 - 59,-6,5,204333,Natasha Cloud,1611661317.0,Phoenix,Mercury,PHO,0,0,,,,,,0,0,,,,,,1
1022400168,404,2,79,3,8:59 PM,0:02,MISS Howard 37' 3PT Pullup Jump Shot,,,,,4,1631009,Rhyne Howard,1611661330.0,Atlanta,Dream,ATL,0,0,,,,,,0,0,,,,,,1
1022400168,405,4,0,3,8:59 PM,0:00,DREAM Rebound,,,,,2,1611661330,,,,,,0,0,,,,,,0,0,,,,,,1
1022400168,406,13,0,3,8:59 PM,0:00,,End of 3rd Period (8:59 PM EST),,65 - 59,-6,0,0,,,,,,0,0,,,,,,0,0,,,,,,1
1022400168,416,12,0,4,9:03 PM,10:00,,Start of 4th Period (9:03 PM EST),,65 - 59,-6,0,0,,,,,,0,0,,,,,,0,0,,,,,,0
1022400168,418,2,79,4,9:03 PM,9:42,,,MISS Cloud 24' 3PT Pullup Jump Shot,,,5,204333,Natasha Cloud,1611661317.0,Phoenix,Mercury,PHO,0,0,,,,,,0,0,,,,,,1
1022400168,419,4,0,4,9:03 PM,9:37,,,Billings REBOUND (Off:3 Def:2),,,5,1628881,Monique Billings,1611661317.0,Phoenix,Mercury,PHO,0,0,,,,,,0,0,,,,,,1
1022400168,420,1,1,4,9:03 PM,9:32,,,Taylor 3PT Jump Shot (9 PTS) (Cloud 6 AST),68 - 59,-9,5,1642298,Celeste Taylor,1611661317.0,Phoenix,Mercury,PHO,5,204333,Natasha Cloud,1611661317.0,Phoenix,Mercury,PHO,0,0,,,,,,1
1022400168,422,6,1,4,9:04 PM,9:21,,,Mack P.FOUL (P1.T1),,,5,1630442,Natasha Mack,1611661317.0,Phoenix,Mercury,PHO,4,1631009,Rhyne Howard,1611661330.0,Atlanta,Dream,ATL,1,0,,,,,,1
1022400168,424,8,0,4,9:04 PM,9:21,,,SUB: Griner FOR Mack,,,5,1630442,Natasha Mack,1611661317.0,Phoenix,Mercury,PHO,5,203398,Brittney Griner,1611661317.0,Phoenix,Mercury,PHO,0,0,,,,,,0
1022400168,426,1,80,4,9:04 PM,9:09,Gray 3PT Step Back Jump Shot (14 PTS),,,68 - 62,-6,4,1628277,Allisha Gray,1611661330.0,Atlanta,Dream,ATL,0,0,,,,,,0,0,,,,,,1
1022400168,427,2,101,4,9:05 PM,8:46,,,MISS Cloud 6' Driving Floating Jump Shot,,,5,204333,Natasha Cloud,1611661317.0,Phoenix,Mercury,PHO,0,0,,,,,,0,0,,,,,,1
1022400168,428,4,0,4,9:05 PM,8:43,Howard REBOUND (Off:1 Def:2),,,,,4,1631009,Rhyne Howard,1611661330.0,Atlanta,Dream,ATL,0,0,,,,,,0,0,,,,,,1
1022400168,429,2,6,4,9:05 PM,8:39,MISS Howard 3' Driving Layup,,,,,4,1631009,Rhyne Howard,1611661330.0,Atlanta,Dream,ATL,0,0,,,,,,0,0,,,,,,1
1022400168,430,4,0,4,9:05 PM,8:38,Cubaj REBOUND (Off:1 Def:0),,,,,4,1631032,Lorela Cubaj,1611661330.0,Atlanta,Dream,ATL,0,0,,,,,,0,0,,,,,,1
1022400168,431,1,97,4,9:05 PM,8:37,Cubaj 1' Tip Layup Shot (2 PTS),,,68 - 64,-4,4,1631032,Lorela Cubaj,1611661330.0,Atlanta,Dream,ATL,0,0,,,,,,0,0,,,,,,1
1022400168,432,5,2,4,9:05 PM,8:18,Coffey STEAL (1 STL),,Billings Lost Ball Turnover (P1.T11),,,5,1628881,Monique Billings,1611661317.0,Phoenix,Mercury,PHO,4,1628269,Nia Coffey,1611661330.0,Atlanta,Dream,ATL,0,0,,,,,,1
1022400168,434,2,1,4,9:05 PM,8:09,MISS Howard 25' 3PT Jump Shot,,,,,4,1631009,Rhyne Howard,1611661330.0,Atlanta,Dream,ATL,0,0,,,,,,0,0,,,,,,1
1022400168,435,4,0,4,9:05 PM,8:05,,,Griner REBOUND (Off:1 Def:3),,,5,203398,Brittney Griner,1611661317.0,Phoenix,Mercury,PHO,0,0,,,,,,0,0,,,,,,1
1022400168,436,6,2,4,9:06 PM,7:52,Coffey S.FOUL (P2.T1),,,,,4,1628269,Nia Coffey,1611661330.0,Atlanta,Dream,ATL,5,1628881,Monique Billings,1611661317.0,Phoenix,Mercury,PHO,1,0,,,,,,1
1022400168,438,3,11,4,9:06 PM,7:52,,,Billings Free Throw 1 of 2 (5 PTS),69 - 64,-5,5,1628881,Monique Billings,1611661317.0,Phoenix,Mercury,PHO,0,0,,,,,,0,0,,,,,,0
1022400168,443,3,12,4,9:06 PM,7:52,,,MISS Billings Free Throw 2 of 2,,,5,1628881,Monique Billings,1611661317.0,Phoenix,Mercury,PHO,0,0,,,,,,0,0,,,,,,0
1022400168,439,8,0,4,9:06 PM,7:52,SUB: Charles FOR Cubaj,,,,,4,1631032,Lorela Cubaj,1611661330.0,Atlanta,Dream,ATL,4,202250,Tina Charles,1611661330.0,Atlanta,Dream,ATL,0,0,,,,,,0
1022400168,440,8,0,4,9:06 PM,7:52,,,SUB: Copper FOR Taylor,,,5,1642298,Celeste Taylor,1611661317.0,Phoenix,Mercury,PHO,5,1627674,Kahleah Copper,1611661317.0,Phoenix,Mercury,PHO,0,0,,,,,,0
1022400168,444,4,0,4,9:06 PM,7:49,Coffey REBOUND (Off:1 Def:1),,,,,4,1628269,Nia Coffey,1611661330.0,Atlanta,Dream,ATL,0,0,,,,,,0,0,,,,,,1
1022400168,446,6,1,4,9:07 PM,7:39,,,Copper P.FOUL (P3.T2),,,5,1627674,Kahleah Copper,1611661317.0,Phoenix,Mercury,PHO,4,202250,Tina Charles,1611661330.0,Atlanta,Dream,ATL,1,0,,,,,,1
1022400168,474,18,1,4,9:08 PM,7:39,,Instant Replay4th Period (9:08 PM EST),,69 - 64,-5,0,446,Lucious Harris,,,,,0,0,,,,,,1,0,,,,,,0
1022400168,450,1,79,4,9:09 PM,7:33,Howard 25' 3PT Pullup Jump Shot (14 PTS) (Coffey 1 AST),,,69 - 67,-2,4,1631009,Rhyne Howard,1611661330.0,Atlanta,Dream,ATL,4,1628269,Nia Coffey,1611661330.0,Atlanta,Dream,ATL,0,0,,,,,,1
1022400168,451,6,1,4,9:10 PM,7:18,Caldwell P.FOUL (P2.T2),,,,,4,1630471,Maya Caldwell,1611661330.0,Atlanta,Dream,ATL,5,1627674,Kahleah Copper,1611661317.0,Phoenix,Mercury,PHO,1,0,,,,,,1
1022400168,453,8,0,4,9:10 PM,7:18,,,SUB: Cunningham FOR Billings,,,5,1628881,Monique Billings,1611661317.0,Phoenix,Mercury,PHO,5,1629482,Sophie Cunningham,1611661317.0,Phoenix,Mercury,PHO,0,0,,,,,,0
1022400168,455,1,3,4,9:10 PM,7:11,,,Griner 7' Hook Shot (18 PTS) (Cunningham 3 AST),71 - 67,-4,5,203398,Brittney Griner,1611661317.0,Phoenix,Mercury,PHO,5,1629482,Sophie Cunningham,1611661317.0,Phoenix,Mercury,PHO,0,0,,,,,,1
1022400168,457,2,80,4,9:10 PM,6:54,MISS Howard 17' Step Back Jump Shot,,,,,4,1631009,Rhyne Howard,1611661330.0,Atlanta,Dream,ATL,0,0,,,,,,0,0,,,,,,1
1022400168,458,4,0,4,9:10 PM,6:50,,,Cunningham REBOUND (Off:1 Def:7),,,5,1629482,Sophie Cunningham,1611661317.0,Phoenix,Mercury,PHO,0,0,,,,,,0,0,,,,,,1
1022400168,459,2,1,4,9:11 PM,6:36,,,MISS Taurasi 3PT Jump Shot,,,5,100940,Diana Taurasi,1611661317.0,Phoenix,Mercury,PHO,0,0,,,,,,0,0,,,,,,1
1022400168,460,4,0,4,9:11 PM,6:33,,,Griner REBOUND (Off:2 Def:3),,,5,203398,Brittney Griner,1611661317.0,Phoenix,Mercury,PHO,0,0,,,,,,0,0,,,,,,1
1022400168,461,1,47,4,9:11 PM,6:32,,,Griner 4' Turnaround Jump Shot (20 PTS),73 - 67,-6,5,203398,Brittney Griner,1611661317.0,Phoenix,Mercury,PHO,0,0,,,,,,0,0,,,,,,1
1022400168,462,1,1,4,9:11 PM,6:12,Charles 19' Jump Shot (13 PTS) (Howard 3 AST),,,73 - 69,-4,4,202250,Tina Charles,1611661330.0,Atlanta,Dream,ATL,4,1631009,Rhyne Howard,1611661330.0,Atlanta,Dream,ATL,0,0,,,,,,1
1022400168,465,2,79,4,9:11 PM,5:59,,,MISS Cloud 14' Pullup Jump Shot,,,5,204333,Natasha Cloud,1611661317.0,Phoenix,Mercury,PHO,0,0,,,,,,0,0,,,,,,1
1022400168,466,4,0,4,9:11 PM,5:54,Gray REBOUND (Off:1 Def:3),,,,,4,1628277,Allisha Gray,1611661330.0,Atlanta,Dream,ATL,0,0,,,,,,0,0,,,,,,1
1022400168,467,2,79,4,9:12 PM,5:35,MISS Howard 18' Pullup Jump Shot,,,,,4,1631009,Rhyne Howard,1611661330.0,Atlanta,Dream,ATL,0,0,,,,,,0,0,,,,,,1
1022400168,468,4,0,4,9:12 PM,5:31,,,Griner REBOUND (Off:2 Def:4),,,5,203398,Brittney Griner,1611661317.0,Phoenix,Mercury,PHO,0,0,,,,,,0,0,,,,,,1
1022400168,469,2,6,4,9:12 PM,5:22,Charles BLOCK (2 BLK),,MISS Copper 3' Driving Layup,,,5,1627674,Kahleah Copper,1611661317.0,Phoenix,Mercury,PHO,0,0,,,,,,4,202250,Tina Charles,1611661330.0,Atlanta,Dream,ATL,1
1022400168,471,4,0,4,9:12 PM,5:21,,,Mercury Rebound,,,3,1611661317,,,,,,0,0,,,,,,0,0,,,,,,1
1022400168,473,9,4,4,9:12 PM,5:21,,Timeout: Official,,,,1,0,,,,,,0,0,,,,,,0,0,,,,,,0
1022400168,475,1,6,4,9:15 PM,5:17,,,Griner 1' Driving Layup (22 PTS) (Taurasi 5 AST),75 - 69,-6,5,203398,Brittney Griner,1611661317.0,Phoenix,Mercury,PHO,5,100940,Diana Taurasi,1611661317.0,Phoenix,Mercury,PHO,0,0,,,,,,1
1022400168,477,2,79,4,9:16 PM,4:53,MISS Coffey 14' Pullup Jump Shot,,,,,4,1628269,Nia Coffey,1611661330.0,Atlanta,Dream,ATL,0,0,,,,,,0,0,,,,,,1
1022400168,478,4,0,4,9:16 PM,4:50,,,Copper REBOUND (Off:0 Def:4),,,5,1627674,Kahleah Copper,1611661317.0,Phoenix,Mercury,PHO,0,0,,,,,,0,0,,,,,,1
1022400168,479,2,6,4,9:16 PM,4:41,Gray BLOCK (1 BLK),,MISS Copper 6' Driving Layup,,,5,1627674,Kahleah Copper,1611661317.0,Phoenix,Mercury,PHO,0,0,,,,,,4,1628277,Allisha Gray,1611661330.0,Atlanta,Dream,ATL,1
1022400168,481,4,0,4,9:16 PM,4:40,Howard REBOUND (Off:1 Def:3),,,,,4,1631009,Rhyne Howard,1611661330.0,Atlanta,Dream,ATL,0,0,,,,,,0,0,,,,,,1
1022400168,482,2,1,4,9:16 PM,4:29,MISS Gray 25' 3PT Jump Shot,,,,,4,1628277,Allisha Gray,1611661330.0,Atlanta,Dream,ATL,0,0,,,,,,0,0,,,,,,1
1022400168,483,4,0,4,9:16 PM,4:25,,,Copper REBOUND (Off:0 Def:5),,,5,1627674,Kahleah Copper,1611661317.0,Phoenix,Mercury,PHO,0,0,,,,,,0,0,,,,,,1
1022400168,484,2,6,4,9:17 PM,4:08,,,MISS Copper 2' Driving Layup,,,5,1627674,Kahleah Copper,1611661317.0,Phoenix,Mercury,PHO,0,0,,,,,,0,0,,,,,,1
1022400168,485,4,0,4,9:17 PM,4:05,Charles REBOUND (Off:2 Def:10),,,,,4,202250,Tina Charles,1611661330.0,Atlanta,Dream,ATL,0,0,,,,,,0,0,,,,,,1
1022400168,486,6,14,4,9:17 PM,3:49,,,Taurasi FLAGRANT.FOUL.TYPE1 (P3.T3),,,5,100940,Diana Taurasi,1611661317.0,Phoenix,Mercury,PHO,4,1628277,Allisha Gray,1611661330.0,Atlanta,Dream,ATL,1,0,,,,,,1
1022400168,488,18,1,4,9:18 PM,3:49,,Instant Replay4th Period (9:18 PM EST),,75 - 69,-6,0,486,,,,,,0,0,,,,,,1,0,,,,,,0
1022400168,489,3,18,4,9:20 PM,3:49,Gray Free Throw Flagrant 1 of 2 (15 PTS),,,75 - 70,-5,4,1628277,Allisha Gray,1611661330.0,Atlanta,Dream,ATL,0,0,,,,,,0,0,,,,,,0
1022400168,490,3,19,4,9:20 PM,3:49,Gray Free Throw Flagrant 2 of 2 (16 PTS),,,75 - 71,-4,4,1628277,Allisha Gray,1611661330.0,Atlanta,Dream,ATL,0,0,,,,,,0,0,,,,,,0
1022400168,491,8,0,4,9:20 PM,3:49,SUB: Canada FOR Coffey,,,,,4,1628269,Nia Coffey,1611661330.0,Atlanta,Dream,ATL,4,1628886,Jordin Canada,1611661330.0,Atlanta,Dream,ATL,0,0,,,,,,0
1022400168,492,8,0,4,9:20 PM,3:49,SUB: Hillmon FOR Caldwell,,,,,4,1630471,Maya Caldwell,1611661330.0,Atlanta,Dream,ATL,4,1631044,Naz Hillmon,1611661330.0,Atlanta,Dream,ATL,0,0,,,,,,0
1022400168,495,2,5,4,9:21 PM,3:34,MISS Hillmon 2' Layup,,,,,4,1631044,Naz Hillmon,1611661330.0,Atlanta,Dream,ATL,0,0,,,,,,0,0,,,,,,1
1022400168,496,4,0,4,9:21 PM,3:31,,,Cloud REBOUND (Off:0 Def:4),,,5,204333,Natasha Cloud,1611661317.0,Phoenix,Mercury,PHO,0,0,,,,,,0,0,,,,,,1
1022400168,497,2,1,4,9:21 PM,3:13,,,MISS Cunningham 3PT Jump Shot,,,5,1629482,Sophie Cunningham,1611661317.0,Phoenix,Mercury,PHO,0,0,,,,,,0,0,,,,,,1
1022400168,498,4,0,4,9:21 PM,3:07,Charles REBOUND (Off:2 Def:11),,,,,4,202250,Tina Charles,1611661330.0,Atlanta,Dream,ATL,0,0,,,,,,0,0,,,,,,1
1022400168,499,1,6,4,9:21 PM,3:03,Gray 6' Driving Layup (18 PTS),,,75 - 73,-2,4,1628277,Allisha Gray,1611661330.0,Atlanta,Dream,ATL,0,0,,,,,,0,0,,,,,,1
1022400168,500,6,2,4,9:21 PM,3:03,,,Griner S.FOUL (P1.T4),,,5,203398,Brittney Griner,1611661317.0,Phoenix,Mercury,PHO,4,1628277,Allisha Gray,1611661330.0,Atlanta,Dream,ATL,1,0,,,,,,1
1022400168,502,3,10,4,9:22 PM,3:03,Gray Free Throw 1 of 1 (19 PTS),,,75 - 74,-1,4,1628277,Allisha Gray,1611661330.0,Atlanta,Dream,ATL,0,0,,,,,,0,0,,,,,,0
1022400168,503,1,63,4,9:22 PM,2:41,,,Taurasi 19' Fadeaway Jumper (15 PTS),77 - 74,-3,5,100940,Diana Taurasi,1611661317.0,Phoenix,Mercury,PHO,0,0,,,,,,0,0,,,,,,1
1022400168,505,5,11,4,9:23 PM,2:14,DREAM Turnover: Shot Clock (T#9),,,,,2,1611661330,,,,,,0,0,,,,,,1,0,,,,,,1
1022400168,506,9,1,4,9:24 PM,2:14,DREAM Timeout: Regular (Full 3 Short 0),,,,,2,1611661330,,,,,,0,0,,,,,,0,0,,,,,,0
1022400168,507,1,80,4,9:27 PM,2:04,,,Taurasi 24' 3PT Step Back Jump Shot (18 PTS),80 - 74,-6,5,100940,Diana Taurasi,1611661317.0,Phoenix,Mercury,PHO,0,0,,,,,,0,0,,,,,,1
1022400168,508,1,1,4,9:27 PM,1:45,Gray 3PT Jump Shot (22 PTS) (Charles 4 AST),,,80 - 77,-3,4,1628277,Allisha Gray,1611661330.0,Atlanta,Dream,ATL,4,202250,Tina Charles,1611661330.0,Atlanta,Dream,ATL,0,0,,,,,,1
1022400168,510,5,4,4,9:28 PM,1:26,,,Cunningham Traveling Turnover (P2.T12),,,5,1629482,Sophie Cunningham,1611661317.0,Phoenix,Mercury,PHO,0,0,,,,,,1,0,,,,,,1
1022400168,511,2,1,4,9:28 PM,1:14,MISS Howard 25' 3PT Jump Shot,,,,,4,1631009,Rhyne Howard,1611661330.0,Atlanta,Dream,ATL,0,0,,,,,,0,0,,,,,,1
1022400168,512,4,0,4,9:28 PM,1:12,,,Cloud REBOUND (Off:0 Def:5),,,5,204333,Natasha Cloud,1611661317.0,Phoenix,Mercury,PHO,0,0,,,,,,0,0,,,,,,1
1022400168,513,9,6,4,9:28 PM,1:12,,,Mercury Timeout: Reset (Reg.3 Short 0),,,3,1611661317,,,,,,0,0,,,,,,0,0,,,,,,0
1022400168,514,2,47,4,9:29 PM,1:07,,,MISS Griner 12' Turnaround Jump Shot,,,5,203398,Brittney Griner,1611661317.0,Phoenix,Mercury,PHO,0,0,,,,,,0,0,,,,,,1
1022400168,515,4,0,4,9:29 PM,1:02,Gray REBOUND (Off:1 Def:4),,,,,4,1628277,Allisha Gray,1611661330.0,Atlanta,Dream,ATL,0,0,,,,,,0,0,,,,,,1
1022400168,516,9,1,4,9:29 PM,1:01,DREAM Timeout: Regular (Full 4 Short 0),,,,,2,1611661330,,,,,,0,0,,,,,,0,0,,,,,,0
1022400168,518,2,1,4,9:31 PM,0:42,MISS Canada 39' 3PT Jump Shot,,,,,4,1628886,Jordin Canada,1611661330.0,Atlanta,Dream,ATL,0,0,,,,,,0,0,,,,,,1
1022400168,517,5,11,4,9:31 PM,0:40,DREAM Turnover: Shot Clock (T#10),,,,,2,1611661330,,,,,,0,0,,,,,,1,0,,,,,,1
1022400168,519,4,0,4,9:31 PM,0:40,DREAM Rebound,,,,,2,1611661330,,,,,,0,0,,,,,,0,0,,,,,,1
1022400168,520,2,6,4,9:31 PM,0:28,,,MISS Cloud 2' Driving Layup,,,5,204333,Natasha Cloud,1611661317.0,Phoenix,Mercury,PHO,0,0,,,,,,0,0,,,,,,1
1022400168,521,4,0,4,9:31 PM,0:27,Gray REBOUND (Off:1 Def:5),,,,,4,1628277,Allisha Gray,1611661330.0,Atlanta,Dream,ATL,0,0,,,,,,0,0,,,,,,1
1022400168,522,9,1,4,9:31 PM,0:27,DREAM Timeout: Regular (Full 5 Short 0),,,,,2,1611661330,,,,,,0,0,,,,,,0,0,,,,,,0
1022400168,523,8,0,4,9:33 PM,0:27,SUB: Caldwell FOR Canada,,,,,4,1628886,Jordin Canada,1611661330.0,Atlanta,Dream,ATL,4,1630471,Maya Caldwell,1611661330.0,Atlanta,Dream,ATL,0,0,,,,,,0
1022400168,525,10,0,4,9:34 PM,0:17,Jump Ball Howard vs. Cunningham: Tip to Gray,,,,,4,1631009,Rhyne Howard,1611661330.0,Atlanta,Dream,ATL,5,1629482,Sophie Cunningham,1611661317.0,Phoenix,Mercury,PHO,4,1628277,Allisha Gray,1611661330.0,Atlanta,Dream,ATL,0
1022400168,528,6,1,4,9:34 PM,0:13,,,Cunningham P.FOUL (P3.PN),,,5,1629482,Sophie Cunningham,1611661317.0,Phoenix,Mercury,PHO,4,1631009,Rhyne Howard,1611661330.0,Atlanta,Dream,ATL,1,0,,,,,,1
1022400168,530,3,11,4,9:35 PM,0:13,Howard Free Throw 1 of 2 (15 PTS),,,80 - 78,-2,4,1631009,Rhyne Howard,1611661330.0,Atlanta,Dream,ATL,0,0,,,,,,0,0,,,,,,1
1022400168,531,3,12,4,9:35 PM,0:13,Howard Free Throw 2 of 2 (16 PTS),,,80 - 79,-1,4,1631009,Rhyne Howard,1611661330.0,Atlanta,Dream,ATL,0,0,,,,,,0,0,,,,,,1
1022400168,532,9,1,4,9:35 PM,0:13,,,Mercury Timeout: Regular (Reg.4 Short 0),,,3,1611661317,,,,,,0,0,,,,,,0,0,,,,,,0
1022400168,533,8,0,4,9:36 PM,0:13,SUB: Canada FOR Caldwell,,,,,4,1630471,Maya Caldwell,1611661330.0,Atlanta,Dream,ATL,4,1628886,Jordin Canada,1611661330.0,Atlanta,Dream,ATL,0,0,,,,,,0
1022400168,535,6,28,4,9:37 PM,0:11,Gray Personal Take Foul (P4.T3),,,,,4,1628277,Allisha Gray,1611661330.0,Atlanta,Dream,ATL,5,1627674,Kahleah Copper,1611661317.0,Phoenix,Mercury,PHO,1,0,,,,,,1
1022400168,537,1,5,4,9:37 PM,0:10,,,Copper 2' Layup (16 PTS) (Cloud 7 AST),82 - 79,-3,5,1627674,Kahleah Copper,1611661317.0,Phoenix,Mercury,PHO,5,204333,Natasha Cloud,1611661317.0,Phoenix,Mercury,PHO,0,0,,,,,,1
1022400168,539,9,6,4,9:37 PM,0:10,DREAM Timeout: Reset (Full 5 Short 0),,,,,2,1611661330,,,,,,0,0,,,,,,0,0,,,,,,0
1022400168,540,8,0,4,9:38 PM,0:10,,,SUB: Billings FOR Griner,,,5,203398,Brittney Griner,1611661317.0,Phoenix,Mercury,PHO,5,1628881,Monique Billings,1611661317.0,Phoenix,Mercury,PHO,0,0,,,,,,0
1022400168,542,2,1,4,9:38 PM,0:05,MISS Howard 3PT Jump Shot,,,,,4,1631009,Rhyne Howard,1611661330.0,Atlanta,Dream,ATL,0,0,,,,,,0,0,,,,,,1
1022400168,543,4,0,4,9:38 PM,0:01,Gray REBOUND (Off:2 Def:5),,,,,4,1628277,Allisha Gray,1611661330.0,Atlanta,Dream,ATL,0,0,,,,,,0,0,,,,,,1
1022400168,544,6,2,4,9:38 PM,0:00,,,Billings S.FOUL (P2.PN),,,5,1628881,Monique Billings,1611661317.0,Phoenix,Mercury,PHO,4,202250,Tina Charles,1611661330.0,Atlanta,Dream,ATL,1,0,,,,,,1
1022400168,546,18,0,4,9:38 PM,0:00,,Instant Replay4th Period (9:38 PM EST),,82 - 79,-3,0,544,,,,,,0,0,,,,,,1,0,,,,,,0
1022400168,547,3,11,4,9:40 PM,0:00,Charles Free Throw 1 of 2 (14 PTS),,,82 - 80,-2,4,202250,Tina Charles,1611661330.0,Atlanta,Dream,ATL,0,0,,,,,,0,0,,,,,,1
1022400168,556,3,12,4,9:40 PM,0:00,MISS Charles Free Throw 2 of 2,,,,,4,202250,Tina Charles,1611661330.0,Atlanta,Dream,ATL,0,0,,,,,,0,0,,,,,,1
1022400168,548,8,0,4,9:40 PM,0:00,SUB: Cubaj FOR Canada,,,,,4,1628886,Jordin Canada,1611661330.0,Atlanta,Dream,ATL,4,1631032,Lorela Cubaj,1611661330.0,Atlanta,Dream,ATL,0,0,,,,,,0
1022400168,549,8,0,4,9:40 PM,0:00,SUB: Amihere FOR Gray,,,,,4,1628277,Allisha Gray,1611661330.0,Atlanta,Dream,ATL,4,1641656,Laeticia Amihere,1611661330.0,Atlanta,Dream,ATL,0,0,,,,,,0
1022400168,550,8,0,4,9:40 PM,0:00,,,SUB: Griner FOR Copper,,,5,1627674,Kahleah Copper,1611661317.0,Phoenix,Mercury,PHO,5,203398,Brittney Griner,1611661317.0,Phoenix,Mercury,PHO,0,0,,,,,,0
1022400168,551,8,0,4,9:40 PM,0:00,,,SUB: Mack FOR Cunningham,,,5,1629482,Sophie Cunningham,1611661317.0,Phoenix,Mercury,PHO,5,1630442,Natasha Mack,1611661317.0,Phoenix,Mercury,PHO,0,0,,,,,,0
1022400168,557,4,0,4,9:40 PM,0:00,,,Billings REBOUND (Off:3 Def:3),,,5,1628881,Monique Billings,1611661317.0,Phoenix,Mercury,PHO,0,0,,,,,,0,0,,,,,,1
1022400168,558,13,0,4,9:40 PM,0:00,,End of 4th Period (9:40 PM EST),,82 - 80,-2,0,0,,,,,,0,0,,,,,,0,0,,,,,,1
