GAME_ID,EVENTNUM,EVENTMSGTYPE,EVENTMSGACTIONTYPE,PERIOD,WCTIMESTRING,PCTIMESTRING,HOMEDESCRIPTION,NEUTRALDESCRIPTION,VISITORDESCRIPTION,SCORE,SCOREMARGIN,PERSON1TYPE,PLAYER1_ID,PLAYER1_NAME,PLAYER1_TEAM_ID,PLAYER1_TEAM_CITY,PLAYER1_TEAM_NICKNAME,PLAYER1_TEAM_ABBREVIATION,PERSON2TYPE,PLAYER2_ID,PLAYER2_NAME,PLAYER2_TEAM_ID,PLAYER2_TEAM_CITY,PLAYER2_TEAM_NICKNAME,PLAYER2_TEAM_ABBREVIATION,PERSON3TYPE,PLAYER3_ID,PLAYER3_NAME,PLAYER3_TEAM_ID,PLAYER3_TEAM_CITY,PLAYER3_TEAM_NICKNAME,PLAYER3_TEAM_ABBREVIATION,VIDEO_AVAILABLE_FLAG
1020400062,0,12,0,1,8:48 PM,20:00,,Start of 1st Half (8:48 PM EST),,,,0,0,,,,,,0,0,,,,,,0,0,,,,,,0
1020400062,1,10,0,1,8:49 PM,20:00,Jump Ball Snow vs. Jackson: Tip to Vodichkova,,,,,4,100729,Michelle Snow,1611661316.0,Houston,Comets,HOU,5,100682,Lauren Jackson,1611661328.0,Seattle,Storm,SEA,5,100544,Kamila Vodichkova,1611661328.0,Seattle,Storm,SEA,0
1020400062,2,2,1,1,8:49 PM,19:52,,,MISS Sam 15' Jump Shot,,,5,100416,Sheri Sam,1611661328.0,Seattle,Storm,SEA,0,0,,,,,,0,0,,,,,,0
1020400062,3,4,0,1,8:49 PM,19:50,,,Jackson REBOUND (Off:1 Def:0),,,5,100682,Lauren Jackson,1611661328.0,Seattle,Storm,SEA,0,0,,,,,,0,0,,,,,,0
1020400062,4,2,1,1,8:49 PM,19:47,,,MISS Vodichkova 6' Jump Shot,,,5,100544,Kamila Vodichkova,1611661328.0,Seattle,Storm,SEA,0,0,,,,,,0,0,,,,,,0
1020400062,5,4,0,1,8:49 PM,19:45,Johnson REBOUND (Off:0 Def:1),,,,,4,100233,Tiffani Johnson,1611661316.0,Houston,Comets,HOU,0,0,,,,,,0,0,,,,,,0
1020400062,6,2,47,1,8:51 PM,19:35,MISS Snow 10' Turnaround Jump Shot,,,,,4,100729,Michelle Snow,1611661316.0,Houston,Comets,HOU,0,0,,,,,,0,0,,,,,,0
1020400062,7,4,0,1,8:51 PM,19:33,,,Lennox REBOUND (Off:0 Def:1),,,5,100484,Betty Lennox,1611661328.0,Seattle,Storm,SEA,0,0,,,,,,0,0,,,,,,0
1020400062,8,2,1,1,8:51 PM,19:12,,,MISS Vodichkova 16' Jump Shot,,,5,100544,Kamila Vodichkova,1611661328.0,Seattle,Storm,SEA,0,0,,,,,,0,0,,,,,,0
1020400062,9,4,0,1,8:51 PM,19:10,Johnson REBOUND (Off:0 Def:2),,,,,4,100233,Tiffani Johnson,1611661316.0,Houston,Comets,HOU,0,0,,,,,,0,0,,,,,,0
1020400062,10,2,1,1,8:51 PM,18:55,MISS Swoopes 15' Jump Shot,,,,,4,100072,Sheryl Swoopes,1611661316.0,Houston,Comets,HOU,0,0,,,,,,0,0,,,,,,0
1020400062,11,4,0,1,8:51 PM,18:53,,,Lennox REBOUND (Off:0 Def:2),,,5,100484,Betty Lennox,1611661328.0,Seattle,Storm,SEA,0,0,,,,,,0,0,,,,,,0
1020400062,12,1,1,1,8:52 PM,18:33,,,Lennox 9' Jump Shot (2 PTS),2 - 0,-2,5,100484,Betty Lennox,1611661328.0,Seattle,Storm,SEA,0,0,,,,,,0,0,,,,,,0
1020400062,13,9,2,1,8:52 PM,18:28,COMETS Timeout: Short (Full 0 Short 1),,,,,2,1611661316,,,,,,0,0,,,,,,0,0,,,,,,0
1020400062,15,2,1,1,8:53 PM,18:16,MISS Snow 7' Jump Shot,,,,,4,100729,Michelle Snow,1611661316.0,Houston,Comets,HOU,0,0,,,,,,0,0,,,,,,0
1020400062,16,4,0,1,8:53 PM,18:14,,,Bird REBOUND (Off:0 Def:1),,,5,100720,Sue Bird,1611661328.0,Seattle,Storm,SEA,0,0,,,,,,0,0,,,,,,0
1020400062,17,2,1,1,8:53 PM,18:04,,,MISS Bird  3PT Jump Shot,,,5,100720,Sue Bird,1611661328.0,Seattle,Storm,SEA,0,0,,,,,,0,0,,,,,,0
1020400062,18,4,0,1,8:53 PM,18:02,,,Vodichkova REBOUND (Off:1 Def:0),,,5,100544,Kamila Vodichkova,1611661328.0,Seattle,Storm,SEA,0,0,,,,,,0,0,,,,,,0
1020400062,19,1,1,1,8:53 PM,17:57,,,Jackson  3PT Jump Shot (3 PTS),5 - 0,-5,5,100682,Lauren Jackson,1611661328.0,Seattle,Storm,SEA,0,0,,,,,,0,0,,,,,,0
1020400062,20,2,1,1,8:54 PM,17:43,MISS Holland-Corn  3PT Jump Shot,,,,,4,100421,Kedra Holland-Corn,1611661316.0,Houston,Comets,HOU,0,0,,,,,,0,0,,,,,,0
1020400062,21,4,0,1,8:54 PM,17:41,Swoopes REBOUND (Off:1 Def:0),,,,,4,100072,Sheryl Swoopes,1611661316.0,Houston,Comets,HOU,0,0,,,,,,0,0,,,,,,0
1020400062,22,1,5,1,8:54 PM,17:39,Swoopes  Layup (2 PTS),,,5 - 2,-3,4,100072,Sheryl Swoopes,1611661316.0,Houston,Comets,HOU,0,0,,,,,,0,0,,,,,,0
1020400062,23,6,4,1,8:54 PM,17:31,,,Vodichkova OFF.Foul (P1),,,5,100544,Kamila Vodichkova,1611661328.0,Seattle,Storm,SEA,0,0,,,,,,1,0,,,,,,0
1020400062,24,5,5,1,8:54 PM,17:31,,,Vodichkova Foul Turnover (P1.T1),,,5,100544,Kamila Vodichkova,1611661328.0,Seattle,Storm,SEA,0,0,,,,,,0,0,,,,,,0
1020400062,25,2,46,1,8:54 PM,17:18,MISS Lambert 7' Running Jump Shot,,,,,4,100726,Sheila Lambert,1611661316.0,Houston,Comets,HOU,0,0,,,,,,0,0,,,,,,0
1020400062,26,4,0,1,8:54 PM,17:16,,,Sam REBOUND (Off:0 Def:1),,,5,100416,Sheri Sam,1611661328.0,Seattle,Storm,SEA,0,0,,,,,,0,0,,,,,,0
1020400062,27,2,1,1,8:55 PM,17:01,,,MISS Vodichkova  Jump Shot,,,5,100544,Kamila Vodichkova,1611661328.0,Seattle,Storm,SEA,0,0,,,,,,0,0,,,,,,0
1020400062,28,4,0,1,8:55 PM,16:59,Snow REBOUND (Off:0 Def:1),,,,,4,100729,Michelle Snow,1611661316.0,Houston,Comets,HOU,0,0,,,,,,0,0,,,,,,0
1020400062,29,1,42,1,8:55 PM,16:53,Lambert  Driving Layup (2 PTS),,,5 - 4,-1,4,100726,Sheila Lambert,1611661316.0,Houston,Comets,HOU,0,0,,,,,,0,0,,,,,,0
1020400062,30,1,1,1,8:56 PM,16:26,,,Jackson  3PT Jump Shot (6 PTS) (Sam 1 AST),8 - 4,-4,5,100682,Lauren Jackson,1611661328.0,Seattle,Storm,SEA,5,100416,Sheri Sam,1611661328.0,Seattle,Storm,SEA,0,0,,,,,,0
1020400062,31,2,1,1,8:56 PM,16:00,MISS Lambert 11' Jump Shot,,,,,4,100726,Sheila Lambert,1611661316.0,Houston,Comets,HOU,0,0,,,,,,0,0,,,,,,0
1020400062,32,4,0,1,8:56 PM,15:58,COMETS Rebound,,,,,2,1611661316,,,,,,0,0,,,,,,0,0,,,,,,0
1020400062,33,9,4,1,8:56 PM,15:58,,Timeout: Official,,,,1,0,,,,,,0,0,,,,,,0,0,,,,,,0
1020400062,35,6,1,1,8:59 PM,15:54,,,Sam P.FOUL (P1.T1),,,5,100416,Sheri Sam,1611661328.0,Seattle,Storm,SEA,0,0,,,,,,1,0,,,,,,0
1020400062,36,5,1,1,8:59 PM,15:36,Holland-Corn Bad Pass Turnover (P1.T1),,Jackson STEAL (1 STL),,,4,100421,Kedra Holland-Corn,1611661316.0,Houston,Comets,HOU,5,100682,Lauren Jackson,1611661328.0,Seattle,Storm,SEA,0,0,,,,,,0
1020400062,37,1,1,1,8:59 PM,15:32,,,Sam 20' Jump Shot (2 PTS) (Bird 1 AST),10 - 4,-6,5,100416,Sheri Sam,1611661328.0,Seattle,Storm,SEA,5,100720,Sue Bird,1611661328.0,Seattle,Storm,SEA,0,0,,,,,,0
1020400062,38,2,1,1,9:00 PM,15:16,MISS Swoopes 9' Jump Shot,,,,,4,100072,Sheryl Swoopes,1611661316.0,Houston,Comets,HOU,0,0,,,,,,0,0,,,,,,0
1020400062,39,4,0,1,9:00 PM,15:14,Snow REBOUND (Off:1 Def:1),,,,,4,100729,Michelle Snow,1611661316.0,Houston,Comets,HOU,0,0,,,,,,0,0,,,,,,0
1020400062,40,2,5,1,9:00 PM,15:12,MISS Snow  Layup,,,,,4,100729,Michelle Snow,1611661316.0,Houston,Comets,HOU,0,0,,,,,,0,0,,,,,,0
1020400062,41,4,0,1,9:00 PM,15:11,,,Jackson REBOUND (Off:1 Def:1),,,5,100682,Lauren Jackson,1611661328.0,Seattle,Storm,SEA,0,0,,,,,,0,0,,,,,,0
1020400062,42,2,1,1,9:00 PM,15:06,,,MISS Bird 14' Jump Shot,,,5,100720,Sue Bird,1611661328.0,Seattle,Storm,SEA,0,0,,,,,,0,0,,,,,,0
1020400062,43,4,0,1,9:00 PM,15:04,COMETS Rebound,,,,,2,1611661316,,,,,,0,0,,,,,,0,0,,,,,,0
1020400062,45,2,5,1,9:01 PM,14:46,MISS Johnson  Layup,,,,,4,100233,Tiffani Johnson,1611661316.0,Houston,Comets,HOU,0,0,,,,,,0,0,,,,,,0
1020400062,46,4,0,1,9:01 PM,14:44,Snow REBOUND (Off:2 Def:1),,,,,4,100729,Michelle Snow,1611661316.0,Houston,Comets,HOU,0,0,,,,,,0,0,,,,,,0
1020400062,47,5,39,1,9:01 PM,14:44,Snow Step Out of Bounds Turnover (P1.T2),,,,,4,100729,Michelle Snow,1611661316.0,Houston,Comets,HOU,0,0,,,,,,0,0,,,,,,0
1020400062,48,8,0,1,9:01 PM,14:44,SUB: Berthieu FOR Snow,,,,,4,100729,Michelle Snow,1611661316.0,Houston,Comets,HOU,4,100739,Lucienne Berthieu,1611661316.0,Houston,Comets,HOU,0,0,,,,,,0
1020400062,49,6,4,1,9:01 PM,14:34,,,Vodichkova OFF.Foul (P2),,,5,100544,Kamila Vodichkova,1611661328.0,Seattle,Storm,SEA,0,0,,,,,,1,0,,,,,,0
1020400062,50,5,5,1,9:01 PM,14:34,,,Vodichkova Foul Turnover (P2.T2),,,5,100544,Kamila Vodichkova,1611661328.0,Seattle,Storm,SEA,0,0,,,,,,0,0,,,,,,0
1020400062,51,8,0,1,9:01 PM,14:34,,,SUB: Burse FOR Vodichkova,,,5,100544,Kamila Vodichkova,1611661328.0,Seattle,Storm,SEA,5,100660,Janell Burse,1611661328.0,Seattle,Storm,SEA,0,0,,,,,,0
1020400062,52,1,1,1,9:02 PM,14:11,Holland-Corn 17' Jump Shot (2 PTS),,,10 - 6,-4,4,100421,Kedra Holland-Corn,1611661316.0,Houston,Comets,HOU,0,0,,,,,,0,0,,,,,,0
1020400062,53,2,1,1,9:02 PM,13:56,,,MISS Jackson 11' Jump Shot,,,5,100682,Lauren Jackson,1611661328.0,Seattle,Storm,SEA,0,0,,,,,,0,0,,,,,,0
1020400062,54,4,0,1,9:02 PM,13:54,Johnson REBOUND (Off:0 Def:3),,,,,4,100233,Tiffani Johnson,1611661316.0,Houston,Comets,HOU,0,0,,,,,,0,0,,,,,,0
1020400062,55,6,3,1,9:02 PM,13:54,,,Jackson L.B.FOUL (P1.T2),,,5,100682,Lauren Jackson,1611661328.0,Seattle,Storm,SEA,0,0,,,,,,1,0,,,,,,0
1020400062,56,8,0,1,9:03 PM,13:54,,,SUB: Bevilaqua FOR Lennox,,,5,100484,Betty Lennox,1611661328.0,Seattle,Storm,SEA,5,100284,Tully Bevilaqua,1611661328.0,Seattle,Storm,SEA,0,0,,,,,,0
1020400062,57,5,1,1,9:03 PM,13:32,Holland-Corn Bad Pass Turnover (P2.T3),,Burse STEAL (1 STL),,,4,100421,Kedra Holland-Corn,1611661316.0,Houston,Comets,HOU,5,100660,Janell Burse,1611661328.0,Seattle,Storm,SEA,0,0,,,,,,0
1020400062,58,6,1,1,9:04 PM,13:19,Johnson P.FOUL (P1.T1),,,,,4,100233,Tiffani Johnson,1611661316.0,Houston,Comets,HOU,0,0,,,,,,1,0,,,,,,0
1020400062,59,8,0,1,9:04 PM,13:19,SUB: Snow FOR Johnson,,,,,4,100233,Tiffani Johnson,1611661316.0,Houston,Comets,HOU,4,100729,Michelle Snow,1611661316.0,Houston,Comets,HOU,0,0,,,,,,0
1020400062,60,1,42,1,9:04 PM,13:07,,,Bevilaqua  Driving Layup (2 PTS) (Jackson 1 AST),12 - 6,-6,5,100284,Tully Bevilaqua,1611661328.0,Seattle,Storm,SEA,5,100682,Lauren Jackson,1611661328.0,Seattle,Storm,SEA,0,0,,,,,,0
1020400062,61,2,5,1,9:05 PM,12:39,MISS Berthieu  Layup,,,,,4,100739,Lucienne Berthieu,1611661316.0,Houston,Comets,HOU,0,0,,,,,,0,0,,,,,,0
1020400062,62,4,0,1,9:05 PM,12:37,,,Jackson REBOUND (Off:1 Def:2),,,5,100682,Lauren Jackson,1611661328.0,Seattle,Storm,SEA,0,0,,,,,,0,0,,,,,,0
1020400062,63,5,1,1,9:05 PM,12:34,Holland-Corn STEAL (1 STL),,Jackson Bad Pass Turnover (P1.T3),,,5,100682,Lauren Jackson,1611661328.0,Seattle,Storm,SEA,4,100421,Kedra Holland-Corn,1611661316.0,Houston,Comets,HOU,0,0,,,,,,0
1020400062,64,5,1,1,9:05 PM,12:31,Lambert Bad Pass Turnover (P1.T4),,,,,4,100726,Sheila Lambert,1611661316.0,Houston,Comets,HOU,0,0,,,,,,0,0,,,,,,0
1020400062,65,5,4,1,9:05 PM,12:18,,,Jackson Traveling Turnover (P2.T4),,,5,100682,Lauren Jackson,1611661328.0,Seattle,Storm,SEA,0,0,,,,,,1,0,,,,,,0
1020400062,66,8,0,1,9:05 PM,12:18,SUB: Canty FOR Lambert,,,,,4,100726,Sheila Lambert,1611661316.0,Houston,Comets,HOU,4,100384,Dominique Canty,1611661316.0,Houston,Comets,HOU,0,0,,,,,,0
1020400062,67,5,1,1,9:06 PM,12:04,Canty Bad Pass Turnover (P1.T5),,Jackson STEAL (2 STL),,,4,100384,Dominique Canty,1611661316.0,Houston,Comets,HOU,5,100682,Lauren Jackson,1611661328.0,Seattle,Storm,SEA,0,0,,,,,,0
1020400062,68,1,1,1,9:06 PM,11:58,,,Sam 13' Jump Shot (4 PTS) (Burse 1 AST),14 - 6,-8,5,100416,Sheri Sam,1611661328.0,Seattle,Storm,SEA,5,100660,Janell Burse,1611661328.0,Seattle,Storm,SEA,0,0,,,,,,0
1020400062,69,2,1,1,9:06 PM,11:35,MISS Swoopes  3PT Jump Shot,,,,,4,100072,Sheryl Swoopes,1611661316.0,Houston,Comets,HOU,0,0,,,,,,0,0,,,,,,0
1020400062,70,4,0,1,9:06 PM,11:33,Berthieu REBOUND (Off:1 Def:0),,,,,4,100739,Lucienne Berthieu,1611661316.0,Houston,Comets,HOU,0,0,,,,,,0,0,,,,,,0
1020400062,71,2,5,1,9:06 PM,11:25,MISS Snow  Layup,,,,,4,100729,Michelle Snow,1611661316.0,Houston,Comets,HOU,0,0,,,,,,0,0,,,,,,0
1020400062,72,4,0,1,9:06 PM,11:23,COMETS Rebound,,,,,2,1611661316,,,,,,0,0,,,,,,0,0,,,,,,0
1020400062,73,6,3,1,9:07 PM,11:23,,,Jackson L.B.FOUL (P2.T3),,,5,100682,Lauren Jackson,1611661328.0,Seattle,Storm,SEA,0,0,,,,,,1,0,,,,,,0
1020400062,75,9,4,1,9:07 PM,11:23,,Timeout: Official,,,,1,0,,,,,,0,0,,,,,,0,0,,,,,,0
1020400062,77,8,0,1,9:09 PM,11:23,,,SUB: Edwards FOR Jackson,,,5,100682,Lauren Jackson,1611661328.0,Seattle,Storm,SEA,5,100111,Simone Edwards,1611661328.0,Seattle,Storm,SEA,0,0,,,,,,0
1020400062,78,1,5,1,9:10 PM,11:13,Berthieu  Layup (2 PTS) (Holland-Corn 1 AST),,,14 - 8,-6,4,100739,Lucienne Berthieu,1611661316.0,Houston,Comets,HOU,4,100421,Kedra Holland-Corn,1611661316.0,Houston,Comets,HOU,0,0,,,,,,0
1020400062,79,1,1,1,9:10 PM,10:44,,,Sam  3PT Jump Shot (7 PTS) (Bird 2 AST),17 - 8,-9,5,100416,Sheri Sam,1611661328.0,Seattle,Storm,SEA,5,100720,Sue Bird,1611661328.0,Seattle,Storm,SEA,0,0,,,,,,0
1020400062,80,6,1,1,9:10 PM,10:30,,,Bevilaqua P.FOUL (P1.T4),,,5,100284,Tully Bevilaqua,1611661328.0,Seattle,Storm,SEA,0,0,,,,,,1,0,,,,,,0
1020400062,83,5,1,1,9:11 PM,10:28,Snow Bad Pass Turnover (P2.T6),,,,,4,100729,Michelle Snow,1611661316.0,Houston,Comets,HOU,0,0,,,,,,0,0,,,,,,0
1020400062,81,6,3,1,9:11 PM,10:27,Canty L.B.FOUL (P1.T2),,,,,4,100384,Dominique Canty,1611661316.0,Houston,Comets,HOU,0,0,,,,,,1,0,,,,,,0
1020400062,84,6,1,1,9:11 PM,10:14,Holland-Corn P.FOUL (P1.T3),,,,,4,100421,Kedra Holland-Corn,1611661316.0,Houston,Comets,HOU,0,0,,,,,,1,0,,,,,,0
1020400062,85,8,0,1,9:12 PM,10:14,SUB: Johns Kimbrough FOR Snow,,,,,4,100729,Michelle Snow,1611661316.0,Houston,Comets,HOU,4,100180,Pollyanna Johns Kimbrough,1611661316.0,Houston,Comets,HOU,0,0,,,,,,0
1020400062,86,2,47,1,9:12 PM,10:06,,,MISS Sam 16' Turnaround Jump Shot,,,5,100416,Sheri Sam,1611661328.0,Seattle,Storm,SEA,0,0,,,,,,0,0,,,,,,0
1020400062,87,4,0,1,9:12 PM,10:04,Berthieu REBOUND (Off:1 Def:1),,,,,4,100739,Lucienne Berthieu,1611661316.0,Houston,Comets,HOU,0,0,,,,,,0,0,,,,,,0
1020400062,88,8,0,1,9:12 PM,9:55,SUB: Ragland FOR Holland-Corn,,,,,4,100421,Kedra Holland-Corn,1611661316.0,Houston,Comets,HOU,4,100748,Felicia Ragland,1611661316.0,Houston,Comets,HOU,0,0,,,,,,0
1020400062,89,2,47,1,9:13 PM,9:37,MISS Ragland 9' Turnaround Jump Shot,,,,,4,100748,Felicia Ragland,1611661316.0,Houston,Comets,HOU,0,0,,,,,,0,0,,,,,,0
1020400062,90,4,0,1,9:13 PM,9:35,COMETS Rebound,,,,,2,1611661316,,,,,,0,0,,,,,,0,0,,,,,,0
1020400062,91,5,11,1,9:13 PM,9:35,COMETS Turnover: Shot Clock (T#7),,,,,2,1611661316,,,,,,0,0,,,,,,1,0,,,,,,0
1020400062,92,6,1,1,9:14 PM,9:17,Berthieu P.FOUL (P1.T4),,,,,4,100739,Lucienne Berthieu,1611661316.0,Houston,Comets,HOU,0,0,,,,,,1,0,,,,,,0
1020400062,93,8,0,1,9:14 PM,9:17,,,SUB: Barnes FOR Sam,,,5,100416,Sheri Sam,1611661328.0,Seattle,Storm,SEA,5,100231,Adia Barnes,1611661328.0,Seattle,Storm,SEA,0,0,,,,,,0
1020400062,94,5,4,1,9:14 PM,9:03,,,Burse Traveling Turnover (P1.T5),,,5,100660,Janell Burse,1611661328.0,Seattle,Storm,SEA,0,0,,,,,,1,0,,,,,,0
1020400062,95,1,1,1,9:15 PM,8:42,Swoopes 13' Jump Shot (4 PTS),,,17 - 10,-7,4,100072,Sheryl Swoopes,1611661316.0,Houston,Comets,HOU,0,0,,,,,,0,0,,,,,,0
1020400062,96,6,1,1,9:15 PM,8:18,Berthieu P.FOUL (P2.PN),,,,,4,100739,Lucienne Berthieu,1611661316.0,Houston,Comets,HOU,0,0,,,,,,1,0,,,,,,0
1020400062,97,8,0,1,9:15 PM,8:18,SUB: Lambert FOR Canty,,,,,4,100384,Dominique Canty,1611661316.0,Houston,Comets,HOU,4,100726,Sheila Lambert,1611661316.0,Houston,Comets,HOU,0,0,,,,,,0
1020400062,99,5,1,1,9:16 PM,8:05,Ragland STEAL (1 STL),,Barnes Bad Pass Turnover (P1.T6),,,5,100231,Adia Barnes,1611661328.0,Seattle,Storm,SEA,4,100748,Felicia Ragland,1611661316.0,Houston,Comets,HOU,0,0,,,,,,0
1020400062,100,1,1,1,9:16 PM,7:55,Swoopes 13' Jump Shot (6 PTS),,,17 - 12,-5,4,100072,Sheryl Swoopes,1611661316.0,Houston,Comets,HOU,0,0,,,,,,0,0,,,,,,0
1020400062,101,9,2,1,9:16 PM,7:50,,,Storm Timeout: Short (Reg.0 Short 1),,,3,1611661328,,,,,,0,0,,,,,,0,0,,,,,,0
1020400062,103,8,0,1,9:17 PM,7:50,,,SUB: Vodichkova FOR Edwards,,,5,100111,Simone Edwards,1611661328.0,Seattle,Storm,SEA,5,100544,Kamila Vodichkova,1611661328.0,Seattle,Storm,SEA,0,0,,,,,,0
1020400062,104,2,5,1,9:17 PM,7:39,Johns Kimbrough BLOCK (1 BLK),,MISS Vodichkova 3' Layup,,,5,100544,Kamila Vodichkova,1611661328.0,Seattle,Storm,SEA,0,0,,,,,,4,100180,Pollyanna Johns Kimbrough,1611661316.0,Houston,Comets,HOU,0
1020400062,105,4,0,1,9:17 PM,7:36,,,Barnes REBOUND (Off:1 Def:0),,,5,100231,Adia Barnes,1611661328.0,Seattle,Storm,SEA,0,0,,,,,,0,0,,,,,,0
1020400062,106,2,46,1,9:18 PM,7:22,,,MISS Barnes 8' Running Jump Shot,,,5,100231,Adia Barnes,1611661328.0,Seattle,Storm,SEA,0,0,,,,,,0,0,,,,,,0
1020400062,107,4,0,1,9:18 PM,7:22,,,Storm Rebound,,,3,1611661328,,,,,,0,0,,,,,,0,0,,,,,,0
1020400062,108,5,11,1,9:18 PM,7:22,,,Storm Turnover: Shot Clock (T#7),,,3,1611661328,,,,,,0,0,,,,,,1,0,,,,,,0
1020400062,109,9,4,1,9:18 PM,7:22,,Timeout: Official,,,,1,0,,,,,,0,0,,,,,,0,0,,,,,,0
1020400062,111,8,0,1,9:20 PM,7:22,,,SUB: Sam FOR Bevilaqua,,,5,100284,Tully Bevilaqua,1611661328.0,Seattle,Storm,SEA,5,100416,Sheri Sam,1611661328.0,Seattle,Storm,SEA,0,0,,,,,,0
1020400062,112,5,2,1,9:20 PM,7:10,Swoopes Lost Ball Turnover (P1.T8),,Burse STEAL (2 STL),,,4,100072,Sheryl Swoopes,1611661316.0,Houston,Comets,HOU,5,100660,Janell Burse,1611661328.0,Seattle,Storm,SEA,0,0,,,,,,0
1020400062,113,1,5,1,9:20 PM,7:04,,,Burse  Layup (2 PTS),19 - 12,-7,5,100660,Janell Burse,1611661328.0,Seattle,Storm,SEA,0,0,,,,,,0,0,,,,,,0
1020400062,114,2,1,1,9:20 PM,6:43,MISS Swoopes 25' 3PT Jump Shot,,,,,4,100072,Sheryl Swoopes,1611661316.0,Houston,Comets,HOU,0,0,,,,,,0,0,,,,,,0
1020400062,115,4,0,1,9:20 PM,6:41,COMETS Rebound,,,,,2,1611661316,,,,,,0,0,,,,,,0,0,,,,,,0
1020400062,116,6,3,1,9:21 PM,6:41,,,Vodichkova L.B.FOUL (P3.PN),,,5,100544,Kamila Vodichkova,1611661328.0,Seattle,Storm,SEA,0,0,,,,,,1,0,,,,,,0
1020400062,117,8,0,1,9:21 PM,6:41,,,SUB: Jackson FOR Vodichkova,,,5,100544,Kamila Vodichkova,1611661328.0,Seattle,Storm,SEA,5,100682,Lauren Jackson,1611661328.0,Seattle,Storm,SEA,0,0,,,,,,0
1020400062,118,2,1,1,9:21 PM,6:25,MISS Swoopes 19' Jump Shot,,,,,4,100072,Sheryl Swoopes,1611661316.0,Houston,Comets,HOU,0,0,,,,,,0,0,,,,,,0
1020400062,119,4,0,1,9:21 PM,6:23,Johns Kimbrough REBOUND (Off:1 Def:0),,,,,4,100180,Pollyanna Johns Kimbrough,1611661316.0,Houston,Comets,HOU,0,0,,,,,,0,0,,,,,,0
1020400062,120,5,2,1,9:21 PM,6:20,Johns Kimbrough Lost Ball Turnover (P1.T9),,Burse STEAL (3 STL),,,4,100180,Pollyanna Johns Kimbrough,1611661316.0,Houston,Comets,HOU,5,100660,Janell Burse,1611661328.0,Seattle,Storm,SEA,0,0,,,,,,0
1020400062,121,2,1,1,9:21 PM,6:05,,,MISS Bird 26' 3PT Jump Shot,,,5,100720,Sue Bird,1611661328.0,Seattle,Storm,SEA,0,0,,,,,,0,0,,,,,,0
1020400062,122,4,0,1,9:22 PM,6:03,,,Barnes REBOUND (Off:2 Def:0),,,5,100231,Adia Barnes,1611661328.0,Seattle,Storm,SEA,0,0,,,,,,0,0,,,,,,0
1020400062,123,6,1,1,9:22 PM,5:51,Berthieu P.FOUL (P3.PN),,,,,4,100739,Lucienne Berthieu,1611661316.0,Houston,Comets,HOU,0,0,,,,,,1,0,,,,,,0
1020400062,124,8,0,1,9:22 PM,5:51,SUB: Holland-Corn FOR Ragland,,,,,4,100748,Felicia Ragland,1611661316.0,Houston,Comets,HOU,4,100421,Kedra Holland-Corn,1611661316.0,Houston,Comets,HOU,0,0,,,,,,0
1020400062,125,1,1,1,9:22 PM,5:47,,,Jackson  3PT Jump Shot (9 PTS) (Burse 2 AST),22 - 12,-10,5,100682,Lauren Jackson,1611661328.0,Seattle,Storm,SEA,5,100660,Janell Burse,1611661328.0,Seattle,Storm,SEA,0,0,,,,,,0
1020400062,126,1,42,1,9:23 PM,5:23,Berthieu  Driving Layup (4 PTS) (Swoopes 1 AST),,,22 - 14,-8,4,100739,Lucienne Berthieu,1611661316.0,Houston,Comets,HOU,4,100072,Sheryl Swoopes,1611661316.0,Houston,Comets,HOU,0,0,,,,,,0
1020400062,127,5,1,1,9:23 PM,5:18,,,Bird Bad Pass Turnover (P1.T8),,,5,100720,Sue Bird,1611661328.0,Seattle,Storm,SEA,0,0,,,,,,0,0,,,,,,0
1020400062,129,5,40,1,9:24 PM,4:47,Holland-Corn Out of Bounds Lost Ball Turnover (P3.T10),,,,,4,100421,Kedra Holland-Corn,1611661316.0,Houston,Comets,HOU,0,0,,,,,,0,0,,,,,,0
1020400062,130,6,1,1,9:24 PM,4:37,Berthieu P.FOUL (P4.PN),,,,,4,100739,Lucienne Berthieu,1611661316.0,Houston,Comets,HOU,0,0,,,,,,1,0,,,,,,0
1020400062,131,8,0,1,9:24 PM,4:37,SUB: Snow FOR Berthieu,,,,,4,100739,Lucienne Berthieu,1611661316.0,Houston,Comets,HOU,4,100729,Michelle Snow,1611661316.0,Houston,Comets,HOU,0,0,,,,,,0
1020400062,132,2,1,1,9:25 PM,4:29,,,MISS Jackson  3PT Jump Shot,,,5,100682,Lauren Jackson,1611661328.0,Seattle,Storm,SEA,0,0,,,,,,0,0,,,,,,0
1020400062,133,4,0,1,9:25 PM,4:27,Snow REBOUND (Off:2 Def:2),,,,,4,100729,Michelle Snow,1611661316.0,Houston,Comets,HOU,0,0,,,,,,0,0,,,,,,0
1020400062,134,2,42,1,9:25 PM,4:22,MISS Holland-Corn  Driving Layup,,,,,4,100421,Kedra Holland-Corn,1611661316.0,Houston,Comets,HOU,0,0,,,,,,0,0,,,,,,0
1020400062,135,4,0,1,9:25 PM,4:20,,,Jackson REBOUND (Off:1 Def:3),,,5,100682,Lauren Jackson,1611661328.0,Seattle,Storm,SEA,0,0,,,,,,0,0,,,,,,0
1020400062,136,5,2,1,9:25 PM,4:15,Holland-Corn STEAL (2 STL),,Bird Lost Ball Turnover (P2.T9),,,5,100720,Sue Bird,1611661328.0,Seattle,Storm,SEA,4,100421,Kedra Holland-Corn,1611661316.0,Houston,Comets,HOU,0,0,,,,,,0
1020400062,137,2,5,1,9:25 PM,3:59,MISS Johns Kimbrough  Layup,,,,,4,100180,Pollyanna Johns Kimbrough,1611661316.0,Houston,Comets,HOU,0,0,,,,,,0,0,,,,,,0
1020400062,138,4,0,1,9:25 PM,3:57,Johns Kimbrough REBOUND (Off:2 Def:0),,,,,4,100180,Pollyanna Johns Kimbrough,1611661316.0,Houston,Comets,HOU,0,0,,,,,,0,0,,,,,,0
1020400062,139,6,1,1,9:25 PM,3:57,,,Burse P.FOUL (P1.PN),,,5,100660,Janell Burse,1611661328.0,Seattle,Storm,SEA,0,0,,,,,,1,0,,,,,,0
1020400062,140,9,4,1,9:25 PM,3:57,,Timeout: Official,,,,1,0,,,,,,0,0,,,,,,0,0,,,,,,0
1020400062,142,8,0,1,9:28 PM,3:57,,,SUB: Bevilaqua FOR Bird,,,5,100720,Sue Bird,1611661328.0,Seattle,Storm,SEA,5,100284,Tully Bevilaqua,1611661328.0,Seattle,Storm,SEA,0,0,,,,,,0
1020400062,143,6,1,1,9:28 PM,3:47,,,Barnes P.FOUL (P1.PN),,,5,100231,Adia Barnes,1611661328.0,Seattle,Storm,SEA,0,0,,,,,,1,0,,,,,,0
1020400062,144,5,2,1,9:29 PM,3:35,Swoopes Lost Ball Turnover (P2.T11),,Bevilaqua STEAL (1 STL),,,4,100072,Sheryl Swoopes,1611661316.0,Houston,Comets,HOU,5,100284,Tully Bevilaqua,1611661328.0,Seattle,Storm,SEA,0,0,,,,,,0
1020400062,145,1,5,1,9:29 PM,3:24,,,Burse  Layup (4 PTS) (Jackson 2 AST),24 - 14,-10,5,100660,Janell Burse,1611661328.0,Seattle,Storm,SEA,5,100682,Lauren Jackson,1611661328.0,Seattle,Storm,SEA,0,0,,,,,,0
1020400062,146,8,0,1,9:30 PM,3:02,,,SUB: Bird FOR Bevilaqua,,,5,100284,Tully Bevilaqua,1611661328.0,Seattle,Storm,SEA,5,100720,Sue Bird,1611661328.0,Seattle,Storm,SEA,0,0,,,,,,0
1020400062,147,2,46,1,9:30 PM,2:53,MISS Holland-Corn 9' Running Jump Shot,,,,,4,100421,Kedra Holland-Corn,1611661316.0,Houston,Comets,HOU,0,0,,,,,,0,0,,,,,,0
1020400062,148,4,0,1,9:30 PM,2:51,COMETS Rebound,,,,,2,1611661316,,,,,,0,0,,,,,,0,0,,,,,,0
1020400062,149,6,1,1,9:30 PM,2:50,,,Jackson P.FOUL (P3.PN),,,5,100682,Lauren Jackson,1611661328.0,Seattle,Storm,SEA,0,0,,,,,,1,0,,,,,,0
1020400062,150,3,11,1,9:31 PM,2:50,MISS Johns Kimbrough Free Throw 1 of 2,,,,,4,100180,Pollyanna Johns Kimbrough,1611661316.0,Houston,Comets,HOU,0,0,,,,,,0,0,,,,,,0
1020400062,151,4,1,1,9:31 PM,2:50,COMETS Rebound,,,,,2,1611661316,,,,,,0,0,,,,,,0,0,,,,,,0
1020400062,152,8,0,1,9:31 PM,2:50,,,SUB: Edwards FOR Jackson,,,5,100682,Lauren Jackson,1611661328.0,Seattle,Storm,SEA,5,100111,Simone Edwards,1611661328.0,Seattle,Storm,SEA,0,0,,,,,,0
1020400062,153,3,12,1,9:31 PM,2:50,Johns Kimbrough Free Throw 2 of 2 (1 PTS),,,24 - 15,-9,4,100180,Pollyanna Johns Kimbrough,1611661316.0,Houston,Comets,HOU,0,0,,,,,,0,0,,,,,,0
1020400062,154,1,1,1,9:31 PM,2:28,,,Barnes  3PT Jump Shot (3 PTS) (Bird 3 AST),27 - 15,-12,5,100231,Adia Barnes,1611661328.0,Seattle,Storm,SEA,5,100720,Sue Bird,1611661328.0,Seattle,Storm,SEA,0,0,,,,,,0
1020400062,155,6,2,1,9:32 PM,2:08,,,Burse S.FOUL (P2.PN),,,5,100660,Janell Burse,1611661328.0,Seattle,Storm,SEA,0,0,,,,,,1,0,,,,,,0
1020400062,156,8,0,1,9:32 PM,2:08,SUB: Johnson FOR Johns Kimbrough,,,,,4,100180,Pollyanna Johns Kimbrough,1611661316.0,Houston,Comets,HOU,4,100233,Tiffani Johnson,1611661316.0,Houston,Comets,HOU,0,0,,,,,,0
1020400062,157,3,11,1,9:32 PM,2:08,MISS Snow Free Throw 1 of 2,,,,,4,100729,Michelle Snow,1611661316.0,Houston,Comets,HOU,0,0,,,,,,0,0,,,,,,0
1020400062,158,4,1,1,9:32 PM,2:08,COMETS Rebound,,,,,2,1611661316,,,,,,0,0,,,,,,0,0,,,,,,0
1020400062,159,3,12,1,9:32 PM,2:08,Snow Free Throw 2 of 2 (1 PTS),,,27 - 16,-11,4,100729,Michelle Snow,1611661316.0,Houston,Comets,HOU,0,0,,,,,,0,0,,,,,,0
1020400062,160,5,39,1,9:33 PM,1:57,,,Barnes Step Out of Bounds Turnover (P2.T10),,,5,100231,Adia Barnes,1611661328.0,Seattle,Storm,SEA,0,0,,,,,,1,0,,,,,,0
1020400062,161,1,5,1,9:33 PM,1:44,Swoopes  Layup (8 PTS) (Lambert 1 AST),,,27 - 18,-9,4,100072,Sheryl Swoopes,1611661316.0,Houston,Comets,HOU,4,100726,Sheila Lambert,1611661316.0,Houston,Comets,HOU,0,0,,,,,,0
1020400062,162,2,46,1,9:34 PM,1:17,,,MISS Edwards 4' Running Jump Shot,,,5,100111,Simone Edwards,1611661328.0,Seattle,Storm,SEA,0,0,,,,,,0,0,,,,,,0
1020400062,163,4,0,1,9:34 PM,1:16,,,Storm Rebound,,,3,1611661328,,,,,,0,0,,,,,,0,0,,,,,,0
1020400062,164,2,5,1,9:34 PM,1:07,Johnson BLOCK (1 BLK),,MISS Burse  Layup,,,5,100660,Janell Burse,1611661328.0,Seattle,Storm,SEA,0,0,,,,,,4,100233,Tiffani Johnson,1611661316.0,Houston,Comets,HOU,0
1020400062,165,4,0,1,9:34 PM,1:05,,,Burse REBOUND (Off:1 Def:0),,,5,100660,Janell Burse,1611661328.0,Seattle,Storm,SEA,0,0,,,,,,0,0,,,,,,0
1020400062,166,2,1,1,9:34 PM,1:01,,,MISS Sam 15' Jump Shot,,,5,100416,Sheri Sam,1611661328.0,Seattle,Storm,SEA,0,0,,,,,,0,0,,,,,,0
1020400062,167,4,0,1,9:34 PM,0:59,Lambert REBOUND (Off:0 Def:1),,,,,4,100726,Sheila Lambert,1611661316.0,Houston,Comets,HOU,0,0,,,,,,0,0,,,,,,0
1020400062,168,1,1,1,9:35 PM,0:52,Swoopes 10' Jump Shot (10 PTS) (Lambert 2 AST),,,27 - 20,-7,4,100072,Sheryl Swoopes,1611661316.0,Houston,Comets,HOU,4,100726,Sheila Lambert,1611661316.0,Houston,Comets,HOU,0,0,,,,,,0
1020400062,169,2,1,1,9:35 PM,0:42,,,MISS Bird 15' Jump Shot,,,5,100720,Sue Bird,1611661328.0,Seattle,Storm,SEA,0,0,,,,,,0,0,,,,,,0
1020400062,170,4,0,1,9:35 PM,0:40,COMETS Rebound,,,,,2,1611661316,,,,,,0,0,,,,,,0,0,,,,,,0
1020400062,171,6,3,1,9:35 PM,0:40,,,Burse L.B.FOUL (P3.PN),,,5,100660,Janell Burse,1611661328.0,Seattle,Storm,SEA,0,0,,,,,,1,0,,,,,,0
1020400062,172,9,1,1,9:35 PM,0:40,,,Storm Timeout: Regular (Reg.1 Short 1),,,3,1611661328,,,,,,0,0,,,,,,0,0,,,,,,0
1020400062,174,8,0,1,9:38 PM,0:40,,,SUB: Thompson FOR Burse,,,5,100660,Janell Burse,1611661328.0,Seattle,Storm,SEA,5,100216,Alicia Thompson,1611661328.0,Seattle,Storm,SEA,0,0,,,,,,0
1020400062,175,3,11,1,9:38 PM,0:40,MISS Johnson Free Throw 1 of 2,,,,,4,100233,Tiffani Johnson,1611661316.0,Houston,Comets,HOU,0,0,,,,,,0,0,,,,,,0
1020400062,176,4,1,1,9:38 PM,0:40,COMETS Rebound,,,,,2,1611661316,,,,,,0,0,,,,,,0,0,,,,,,0
1020400062,178,8,0,1,9:38 PM,0:40,SUB: Canty FOR Snow,,,,,4,100729,Michelle Snow,1611661316.0,Houston,Comets,HOU,4,100384,Dominique Canty,1611661316.0,Houston,Comets,HOU,0,0,,,,,,0
1020400062,179,3,12,1,9:38 PM,0:40,Johnson Free Throw 2 of 2 (1 PTS),,,27 - 21,-6,4,100233,Tiffani Johnson,1611661316.0,Houston,Comets,HOU,0,0,,,,,,0,0,,,,,,0
1020400062,180,2,47,1,9:39 PM,0:23,Swoopes BLOCK (1 BLK),,MISS Sam 8' Turnaround Jump Shot,,,5,100416,Sheri Sam,1611661328.0,Seattle,Storm,SEA,0,0,,,,,,4,100072,Sheryl Swoopes,1611661316.0,Houston,Comets,HOU,0
1020400062,181,4,0,1,9:39 PM,0:21,Lambert REBOUND (Off:0 Def:2),,,,,4,100726,Sheila Lambert,1611661316.0,Houston,Comets,HOU,0,0,,,,,,0,0,,,,,,0
1020400062,182,1,47,1,9:39 PM,0:03,Swoopes 14' Turnaround Jump Shot (12 PTS),,,27 - 23,-4,4,100072,Sheryl Swoopes,1611661316.0,Houston,Comets,HOU,0,0,,,,,,0,0,,,,,,0
1020400062,183,13,0,1,9:40 PM,0:00,,End of 1st Half (9:40 PM EST),,27 - 23,-4,0,0,,,,,,0,0,,,,,,0,0,,,,,,0
1020400062,185,12,0,2,9:55 PM,20:00,,Start of 2nd Half (9:55 PM EST),,27 - 23,-4,0,0,,,,,,0,0,,,,,,0,0,,,,,,0
1020400062,186,10,0,2,9:55 PM,20:00,Jump Ball Snow vs. Jackson: Tip to Sam,,,,,4,100729,Michelle Snow,1611661316.0,Houston,Comets,HOU,5,100682,Lauren Jackson,1611661328.0,Seattle,Storm,SEA,5,100416,Sheri Sam,1611661328.0,Seattle,Storm,SEA,0
1020400062,187,2,47,2,9:56 PM,19:46,,,MISS Jackson 9' Turnaround Jump Shot,,,5,100682,Lauren Jackson,1611661328.0,Seattle,Storm,SEA,0,0,,,,,,0,0,,,,,,0
1020400062,188,4,0,2,9:56 PM,19:44,Snow REBOUND (Off:2 Def:3),,,,,4,100729,Michelle Snow,1611661316.0,Houston,Comets,HOU,0,0,,,,,,0,0,,,,,,0
1020400062,189,2,5,2,9:56 PM,19:29,MISS Berthieu  Layup,,,,,4,100739,Lucienne Berthieu,1611661316.0,Houston,Comets,HOU,0,0,,,,,,0,0,,,,,,0
1020400062,190,4,0,2,9:56 PM,19:27,,,Lennox REBOUND (Off:0 Def:3),,,5,100484,Betty Lennox,1611661328.0,Seattle,Storm,SEA,0,0,,,,,,0,0,,,,,,0
1020400062,191,5,8,2,9:56 PM,19:19,,,Vodichkova 3 Second Violation Turnover (P3.T11),,,5,100544,Kamila Vodichkova,1611661328.0,Seattle,Storm,SEA,0,0,,,,,,1,0,,,,,,0
1020400062,192,2,1,2,9:57 PM,19:06,MISS Swoopes 12' Jump Shot,,,,,4,100072,Sheryl Swoopes,1611661316.0,Houston,Comets,HOU,0,0,,,,,,0,0,,,,,,0
1020400062,193,4,0,2,9:57 PM,19:04,,,Vodichkova REBOUND (Off:1 Def:1),,,5,100544,Kamila Vodichkova,1611661328.0,Seattle,Storm,SEA,0,0,,,,,,0,0,,,,,,0
1020400062,194,6,1,2,9:57 PM,18:58,Snow P.FOUL (P1.T1),,,,,4,100729,Michelle Snow,1611661316.0,Houston,Comets,HOU,0,0,,,,,,1,0,,,,,,0
1020400062,195,1,1,2,9:57 PM,18:42,,,Lennox 8' Jump Shot (4 PTS) (Vodichkova 1 AST),29 - 23,-6,5,100484,Betty Lennox,1611661328.0,Seattle,Storm,SEA,5,100544,Kamila Vodichkova,1611661328.0,Seattle,Storm,SEA,0,0,,,,,,0
1020400062,196,6,1,2,9:58 PM,18:28,,,Sam P.FOUL (P2.T1),,,5,100416,Sheri Sam,1611661328.0,Seattle,Storm,SEA,0,0,,,,,,1,0,,,,,,0
1020400062,197,1,1,2,9:58 PM,18:18,Swoopes 13' Jump Shot (14 PTS),,,29 - 25,-4,4,100072,Sheryl Swoopes,1611661316.0,Houston,Comets,HOU,0,0,,,,,,0,0,,,,,,0
1020400062,198,1,47,2,9:58 PM,17:59,,,Jackson 11' Turnaround Jump Shot (11 PTS) (Sam 2 AST),31 - 25,-6,5,100682,Lauren Jackson,1611661328.0,Seattle,Storm,SEA,5,100416,Sheri Sam,1611661328.0,Seattle,Storm,SEA,0,0,,,,,,0
1020400062,199,2,5,2,9:59 PM,17:39,MISS Berthieu  Layup,,,,,4,100739,Lucienne Berthieu,1611661316.0,Houston,Comets,HOU,0,0,,,,,,0,0,,,,,,0
1020400062,200,4,0,2,9:59 PM,17:37,Snow REBOUND (Off:3 Def:3),,,,,4,100729,Michelle Snow,1611661316.0,Houston,Comets,HOU,0,0,,,,,,0,0,,,,,,0
1020400062,201,1,1,2,9:59 PM,17:17,Lambert 17' Jump Shot (4 PTS) (Holland-Corn 2 AST),,,31 - 27,-4,4,100726,Sheila Lambert,1611661316.0,Houston,Comets,HOU,4,100421,Kedra Holland-Corn,1611661316.0,Houston,Comets,HOU,0,0,,,,,,0
1020400062,202,2,1,2,9:59 PM,16:52,,,MISS Jackson  3PT Jump Shot,,,5,100682,Lauren Jackson,1611661328.0,Seattle,Storm,SEA,0,0,,,,,,0,0,,,,,,0
1020400062,203,4,0,2,9:59 PM,16:50,Swoopes REBOUND (Off:1 Def:1),,,,,4,100072,Sheryl Swoopes,1611661316.0,Houston,Comets,HOU,0,0,,,,,,0,0,,,,,,0
1020400062,204,2,5,2,10:00 PM,16:43,MISS Snow  Layup,,Jackson BLOCK (1 BLK),,,4,100729,Michelle Snow,1611661316.0,Houston,Comets,HOU,0,0,,,,,,5,100682,Lauren Jackson,1611661328.0,Seattle,Storm,SEA,0
1020400062,205,4,0,2,10:00 PM,16:41,,,Jackson REBOUND (Off:1 Def:4),,,5,100682,Lauren Jackson,1611661328.0,Seattle,Storm,SEA,0,0,,,,,,0,0,,,,,,0
1020400062,206,5,1,2,10:00 PM,16:39,Swoopes STEAL (1 STL),,Jackson Bad Pass Turnover (P3.T12),,,5,100682,Lauren Jackson,1611661328.0,Seattle,Storm,SEA,4,100072,Sheryl Swoopes,1611661316.0,Houston,Comets,HOU,0,0,,,,,,0
1020400062,207,8,0,2,10:00 PM,16:37,SUB: Johns Kimbrough FOR Berthieu,,,,,4,100739,Lucienne Berthieu,1611661316.0,Houston,Comets,HOU,4,100180,Pollyanna Johns Kimbrough,1611661316.0,Houston,Comets,HOU,0,0,,,,,,0
1020400062,208,6,2,2,10:00 PM,16:27,,,Bird S.FOUL (P1.T2),,,5,100720,Sue Bird,1611661328.0,Seattle,Storm,SEA,0,0,,,,,,1,0,,,,,,0
1020400062,209,3,11,2,10:01 PM,16:27,Lambert Free Throw 1 of 2 (5 PTS),,,31 - 28,-3,4,100726,Sheila Lambert,1611661316.0,Houston,Comets,HOU,0,0,,,,,,0,0,,,,,,0
1020400062,210,3,12,2,10:01 PM,16:27,Lambert Free Throw 2 of 2 (6 PTS),,,31 - 29,-2,4,100726,Sheila Lambert,1611661316.0,Houston,Comets,HOU,0,0,,,,,,0,0,,,,,,0
1020400062,211,1,5,2,10:01 PM,16:13,,,Jackson  Layup (13 PTS) (Lennox 1 AST),33 - 29,-4,5,100682,Lauren Jackson,1611661328.0,Seattle,Storm,SEA,5,100484,Betty Lennox,1611661328.0,Seattle,Storm,SEA,0,0,,,,,,0
1020400062,212,9,4,2,10:02 PM,15:57,,Timeout: Official,,,,1,0,,,,,,0,0,,,,,,0,0,,,,,,0
1020400062,214,8,0,2,10:04 PM,15:57,SUB: Johnson FOR Snow,,,,,4,100729,Michelle Snow,1611661316.0,Houston,Comets,HOU,4,100233,Tiffani Johnson,1611661316.0,Houston,Comets,HOU,0,0,,,,,,0
1020400062,215,1,63,2,10:04 PM,15:42,Holland-Corn 12' Fadeaway Jumper (4 PTS) (Lambert 3 AST),,,33 - 31,-2,4,100421,Kedra Holland-Corn,1611661316.0,Houston,Comets,HOU,4,100726,Sheila Lambert,1611661316.0,Houston,Comets,HOU,0,0,,,,,,0
1020400062,216,1,1,2,10:04 PM,15:27,,,Lennox  3PT Jump Shot (7 PTS) (Bird 4 AST),36 - 31,-5,5,100484,Betty Lennox,1611661328.0,Seattle,Storm,SEA,5,100720,Sue Bird,1611661328.0,Seattle,Storm,SEA,0,0,,,,,,0
1020400062,217,2,46,2,10:05 PM,15:02,MISS Holland-Corn  Running Jump Shot,,,,,4,100421,Kedra Holland-Corn,1611661316.0,Houston,Comets,HOU,0,0,,,,,,0,0,,,,,,0
1020400062,218,4,0,2,10:05 PM,14:58,Holland-Corn REBOUND (Off:1 Def:0),,,,,4,100421,Kedra Holland-Corn,1611661316.0,Houston,Comets,HOU,0,0,,,,,,0,0,,,,,,0
1020400062,219,1,1,2,10:05 PM,14:51,Holland-Corn  3PT Jump Shot (7 PTS) (Johns Kimbrough 1 AST),,,36 - 34,-2,4,100421,Kedra Holland-Corn,1611661316.0,Houston,Comets,HOU,4,100180,Pollyanna Johns Kimbrough,1611661316.0,Houston,Comets,HOU,0,0,,,,,,0
1020400062,220,2,47,2,10:05 PM,14:37,,,MISS Jackson  Turnaround Jump Shot,,,5,100682,Lauren Jackson,1611661328.0,Seattle,Storm,SEA,0,0,,,,,,0,0,,,,,,0
1020400062,221,4,0,2,10:05 PM,14:35,,,Vodichkova REBOUND (Off:2 Def:1),,,5,100544,Kamila Vodichkova,1611661328.0,Seattle,Storm,SEA,0,0,,,,,,0,0,,,,,,0
1020400062,222,6,1,2,10:05 PM,14:34,Johnson P.FOUL (P2.T2),,,,,4,100233,Tiffani Johnson,1611661316.0,Houston,Comets,HOU,0,0,,,,,,1,0,,,,,,0
1020400062,223,8,0,2,10:06 PM,14:34,,,SUB: Barnes FOR Sam,,,5,100416,Sheri Sam,1611661328.0,Seattle,Storm,SEA,5,100231,Adia Barnes,1611661328.0,Seattle,Storm,SEA,0,0,,,,,,0
1020400062,224,3,11,2,10:06 PM,14:34,,,Vodichkova Free Throw 1 of 2 (1 PTS),37 - 34,-3,5,100544,Kamila Vodichkova,1611661328.0,Seattle,Storm,SEA,0,0,,,,,,0,0,,,,,,0
1020400062,225,3,12,2,10:06 PM,14:34,,,Vodichkova Free Throw 2 of 2 (2 PTS),38 - 34,-4,5,100544,Kamila Vodichkova,1611661328.0,Seattle,Storm,SEA,0,0,,,,,,0,0,,,,,,0
1020400062,226,2,5,2,10:06 PM,14:20,MISS Johnson  Layup,,,,,4,100233,Tiffani Johnson,1611661316.0,Houston,Comets,HOU,0,0,,,,,,0,0,,,,,,0
1020400062,227,4,0,2,10:07 PM,14:18,Johns Kimbrough REBOUND (Off:3 Def:0),,,,,4,100180,Pollyanna Johns Kimbrough,1611661316.0,Houston,Comets,HOU,0,0,,,,,,0,0,,,,,,0
1020400062,228,2,5,2,10:07 PM,14:16,MISS Johns Kimbrough  Layup,,,,,4,100180,Pollyanna Johns Kimbrough,1611661316.0,Houston,Comets,HOU,0,0,,,,,,0,0,,,,,,0
1020400062,229,4,0,2,10:07 PM,14:15,,,Bird REBOUND (Off:0 Def:2),,,5,100720,Sue Bird,1611661328.0,Seattle,Storm,SEA,0,0,,,,,,0,0,,,,,,0
1020400062,230,1,1,2,10:07 PM,14:08,,,Barnes  Jump Shot (5 PTS) (Bird 5 AST),40 - 34,-6,5,100231,Adia Barnes,1611661328.0,Seattle,Storm,SEA,5,100720,Sue Bird,1611661328.0,Seattle,Storm,SEA,0,0,,,,,,0
1020400062,231,1,47,2,10:07 PM,13:47,Swoopes 9' Turnaround Jump Shot (16 PTS) (Lambert 4 AST),,,40 - 36,-4,4,100072,Sheryl Swoopes,1611661316.0,Houston,Comets,HOU,4,100726,Sheila Lambert,1611661316.0,Houston,Comets,HOU,0,0,,,,,,0
1020400062,232,6,2,2,10:07 PM,13:29,Holland-Corn S.FOUL (P2.T3),,,,,4,100421,Kedra Holland-Corn,1611661316.0,Houston,Comets,HOU,0,0,,,,,,1,0,,,,,,0
1020400062,233,3,11,2,10:08 PM,13:29,,,Vodichkova Free Throw 1 of 2 (3 PTS),41 - 36,-5,5,100544,Kamila Vodichkova,1611661328.0,Seattle,Storm,SEA,0,0,,,,,,0,0,,,,,,0
1020400062,234,8,0,2,10:08 PM,13:29,SUB: Berthieu FOR Johns Kimbrough,,,,,4,100180,Pollyanna Johns Kimbrough,1611661316.0,Houston,Comets,HOU,4,100739,Lucienne Berthieu,1611661316.0,Houston,Comets,HOU,0,0,,,,,,0
1020400062,235,3,12,2,10:08 PM,13:29,,,MISS Vodichkova Free Throw 2 of 2,,,5,100544,Kamila Vodichkova,1611661328.0,Seattle,Storm,SEA,0,0,,,,,,0,0,,,,,,0
1020400062,236,4,0,2,10:08 PM,13:29,Johnson REBOUND (Off:0 Def:4),,,,,4,100233,Tiffani Johnson,1611661316.0,Houston,Comets,HOU,0,0,,,,,,0,0,,,,,,0
1020400062,237,1,1,2,10:08 PM,13:18,Swoopes  3PT Jump Shot (19 PTS) (Lambert 5 AST),,,41 - 39,-2,4,100072,Sheryl Swoopes,1611661316.0,Houston,Comets,HOU,4,100726,Sheila Lambert,1611661316.0,Houston,Comets,HOU,0,0,,,,,,0
1020400062,238,5,1,2,10:08 PM,13:08,Holland-Corn STEAL (3 STL),,Jackson Bad Pass Turnover (P4.T13),,,5,100682,Lauren Jackson,1611661328.0,Seattle,Storm,SEA,4,100421,Kedra Holland-Corn,1611661316.0,Houston,Comets,HOU,0,0,,,,,,0
1020400062,239,1,47,2,10:09 PM,13:00,Swoopes 12' Turnaround Jump Shot (21 PTS) (Holland-Corn 3 AST),,,41 - 41,TIE,4,100072,Sheryl Swoopes,1611661316.0,Houston,Comets,HOU,4,100421,Kedra Holland-Corn,1611661316.0,Houston,Comets,HOU,0,0,,,,,,0
1020400062,240,9,2,2,10:09 PM,12:55,,,Storm Timeout: Short (Reg.1 Short 2),,,3,1611661328,,,,,,0,0,,,,,,0,0,,,,,,0
1020400062,242,8,0,2,10:10 PM,12:55,,,SUB: Burse FOR Vodichkova,,,5,100544,Kamila Vodichkova,1611661328.0,Seattle,Storm,SEA,5,100660,Janell Burse,1611661328.0,Seattle,Storm,SEA,0,0,,,,,,0
1020400062,243,2,1,2,10:10 PM,12:48,,,MISS Jackson  3PT Jump Shot,,,5,100682,Lauren Jackson,1611661328.0,Seattle,Storm,SEA,0,0,,,,,,0,0,,,,,,0
1020400062,244,4,0,2,10:10 PM,12:46,,,Lennox REBOUND (Off:1 Def:3),,,5,100484,Betty Lennox,1611661328.0,Seattle,Storm,SEA,0,0,,,,,,0,0,,,,,,0
1020400062,245,1,46,2,10:10 PM,12:38,,,Jackson 7' Running Jump Shot (15 PTS) (Burse 3 AST),43 - 41,-2,5,100682,Lauren Jackson,1611661328.0,Seattle,Storm,SEA,5,100660,Janell Burse,1611661328.0,Seattle,Storm,SEA,0,0,,,,,,0
1020400062,246,6,1,2,10:10 PM,12:29,,,Lennox P.FOUL (P1.T3),,,5,100484,Betty Lennox,1611661328.0,Seattle,Storm,SEA,0,0,,,,,,1,0,,,,,,0
1020400062,247,2,1,2,10:11 PM,12:21,MISS Swoopes 11' Jump Shot,,,,,4,100072,Sheryl Swoopes,1611661316.0,Houston,Comets,HOU,0,0,,,,,,0,0,,,,,,0
1020400062,248,4,0,2,10:11 PM,12:19,,,Storm Rebound,,,3,1611661328,,,,,,0,0,,,,,,0,0,,,,,,0
1020400062,249,6,3,2,10:11 PM,12:19,Johnson L.B.FOUL (P3.T4),,,,,4,100233,Tiffani Johnson,1611661316.0,Houston,Comets,HOU,0,0,,,,,,1,0,,,,,,0
1020400062,250,1,1,2,10:11 PM,12:02,,,Lennox 9' Jump Shot (9 PTS),45 - 41,-4,5,100484,Betty Lennox,1611661328.0,Seattle,Storm,SEA,0,0,,,,,,0,0,,,,,,0
1020400062,251,5,2,2,10:12 PM,11:38,Holland-Corn Lost Ball Turnover (P4.T12),,Lennox STEAL (1 STL),,,4,100421,Kedra Holland-Corn,1611661316.0,Houston,Comets,HOU,5,100484,Betty Lennox,1611661328.0,Seattle,Storm,SEA,0,0,,,,,,0
1020400062,252,6,1,2,10:12 PM,11:30,Berthieu P.FOUL (P5.PN),,,,,4,100739,Lucienne Berthieu,1611661316.0,Houston,Comets,HOU,0,0,,,,,,1,0,,,,,,0
1020400062,253,9,4,2,10:12 PM,11:30,,Timeout: Official,,,,1,0,,,,,,0,0,,,,,,0,0,,,,,,0
1020400062,255,8,0,2,10:15 PM,11:30,SUB: Snow FOR Berthieu,,,,,4,100739,Lucienne Berthieu,1611661316.0,Houston,Comets,HOU,4,100729,Michelle Snow,1611661316.0,Houston,Comets,HOU,0,0,,,,,,0
1020400062,256,2,1,2,10:15 PM,11:20,Snow BLOCK (1 BLK),,MISS Barnes 9' Jump Shot,,,5,100231,Adia Barnes,1611661328.0,Seattle,Storm,SEA,0,0,,,,,,4,100729,Michelle Snow,1611661316.0,Houston,Comets,HOU,0
1020400062,257,4,0,2,10:15 PM,11:18,Snow REBOUND (Off:3 Def:4),,,,,4,100729,Michelle Snow,1611661316.0,Houston,Comets,HOU,0,0,,,,,,0,0,,,,,,0
1020400062,258,2,1,2,10:16 PM,10:48,MISS Holland-Corn  3PT Jump Shot,,,,,4,100421,Kedra Holland-Corn,1611661316.0,Houston,Comets,HOU,0,0,,,,,,0,0,,,,,,0
1020400062,259,4,0,2,10:16 PM,10:46,Lambert REBOUND (Off:1 Def:2),,,,,4,100726,Sheila Lambert,1611661316.0,Houston,Comets,HOU,0,0,,,,,,0,0,,,,,,0
1020400062,260,2,41,2,10:16 PM,10:30,MISS Swoopes  Running Layup,,,,,4,100072,Sheryl Swoopes,1611661316.0,Houston,Comets,HOU,0,0,,,,,,0,0,,,,,,0
1020400062,261,4,0,2,10:16 PM,10:28,Swoopes REBOUND (Off:2 Def:1),,,,,4,100072,Sheryl Swoopes,1611661316.0,Houston,Comets,HOU,0,0,,,,,,0,0,,,,,,0
1020400062,262,9,2,2,10:16 PM,10:28,COMETS Timeout: Short (Full 0 Short 2),,,,,2,1611661316,,,,,,0,0,,,,,,0,0,,,,,,0
1020400062,264,8,0,2,10:17 PM,10:28,,,SUB: Bevilaqua FOR Bird,,,5,100720,Sue Bird,1611661328.0,Seattle,Storm,SEA,5,100284,Tully Bevilaqua,1611661328.0,Seattle,Storm,SEA,0,0,,,,,,0
1020400062,265,2,63,2,10:18 PM,10:10,MISS Swoopes 11' Fadeaway Jumper,,,,,4,100072,Sheryl Swoopes,1611661316.0,Houston,Comets,HOU,0,0,,,,,,0,0,,,,,,0
1020400062,266,4,0,2,10:18 PM,10:07,,,Barnes REBOUND (Off:2 Def:1),,,5,100231,Adia Barnes,1611661328.0,Seattle,Storm,SEA,0,0,,,,,,0,0,,,,,,0
1020400062,267,2,1,2,10:18 PM,9:59,,,MISS Jackson  3PT Jump Shot,,,5,100682,Lauren Jackson,1611661328.0,Seattle,Storm,SEA,0,0,,,,,,0,0,,,,,,0
1020400062,268,4,0,2,10:18 PM,9:57,Swoopes REBOUND (Off:2 Def:2),,,,,4,100072,Sheryl Swoopes,1611661316.0,Houston,Comets,HOU,0,0,,,,,,0,0,,,,,,0
1020400062,269,6,1,2,10:18 PM,9:53,,,Bevilaqua P.FOUL (P2.T4),,,5,100284,Tully Bevilaqua,1611661328.0,Seattle,Storm,SEA,0,0,,,,,,1,0,,,,,,0
1020400062,270,8,0,2,10:18 PM,9:53,,,SUB: Vodichkova FOR Jackson,,,5,100682,Lauren Jackson,1611661328.0,Seattle,Storm,SEA,5,100544,Kamila Vodichkova,1611661328.0,Seattle,Storm,SEA,0,0,,,,,,0
1020400062,271,8,0,2,10:18 PM,9:53,,,SUB: Sam FOR Barnes,,,5,100231,Adia Barnes,1611661328.0,Seattle,Storm,SEA,5,100416,Sheri Sam,1611661328.0,Seattle,Storm,SEA,0,0,,,,,,0
1020400062,272,6,4,2,10:19 PM,9:48,Snow OFF.Foul (P2),,,,,4,100729,Michelle Snow,1611661316.0,Houston,Comets,HOU,0,0,,,,,,1,0,,,,,,0
1020400062,273,5,5,2,10:19 PM,9:48,Snow Foul Turnover (P3.T13),,,,,4,100729,Michelle Snow,1611661316.0,Houston,Comets,HOU,0,0,,,,,,0,0,,,,,,0
1020400062,274,8,0,2,10:19 PM,9:48,SUB: Canty FOR Holland-Corn,,,,,4,100421,Kedra Holland-Corn,1611661316.0,Houston,Comets,HOU,4,100384,Dominique Canty,1611661316.0,Houston,Comets,HOU,0,0,,,,,,0
1020400062,275,1,1,2,10:19 PM,9:32,,,Lennox 16' Jump Shot (11 PTS) (Burse 4 AST),47 - 41,-6,5,100484,Betty Lennox,1611661328.0,Seattle,Storm,SEA,5,100660,Janell Burse,1611661328.0,Seattle,Storm,SEA,0,0,,,,,,0
1020400062,276,6,1,2,10:19 PM,9:22,,,Burse P.FOUL (P4.PN),,,5,100660,Janell Burse,1611661328.0,Seattle,Storm,SEA,0,0,,,,,,1,0,,,,,,0
1020400062,277,8,0,2,10:20 PM,9:22,SUB: Berthieu FOR Snow,,,,,4,100729,Michelle Snow,1611661316.0,Houston,Comets,HOU,4,100739,Lucienne Berthieu,1611661316.0,Houston,Comets,HOU,0,0,,,,,,0
1020400062,278,6,2,2,10:20 PM,9:08,,,Lennox S.FOUL (P2.PN),,,5,100484,Betty Lennox,1611661328.0,Seattle,Storm,SEA,0,0,,,,,,1,0,,,,,,0
1020400062,279,3,13,2,10:20 PM,9:08,Lambert Free Throw 1 of 3 (7 PTS),,,47 - 42,-5,4,100726,Sheila Lambert,1611661316.0,Houston,Comets,HOU,0,0,,,,,,0,0,,,,,,0
1020400062,280,3,14,2,10:21 PM,9:08,Lambert Free Throw 2 of 3 (8 PTS),,,47 - 43,-4,4,100726,Sheila Lambert,1611661316.0,Houston,Comets,HOU,0,0,,,,,,0,0,,,,,,0
1020400062,281,3,15,2,10:21 PM,9:08,Lambert Free Throw 3 of 3 (9 PTS),,,47 - 44,-3,4,100726,Sheila Lambert,1611661316.0,Houston,Comets,HOU,0,0,,,,,,0,0,,,,,,0
1020400062,282,6,1,2,10:21 PM,9:04,Swoopes P.FOUL (P1.PN),,,,,4,100072,Sheryl Swoopes,1611661316.0,Houston,Comets,HOU,0,0,,,,,,1,0,,,,,,0
1020400062,283,2,1,2,10:22 PM,8:47,,,MISS Lennox 16' Jump Shot,,,5,100484,Betty Lennox,1611661328.0,Seattle,Storm,SEA,0,0,,,,,,0,0,,,,,,0
1020400062,284,4,0,2,10:22 PM,8:45,Swoopes REBOUND (Off:2 Def:3),,,,,4,100072,Sheryl Swoopes,1611661316.0,Houston,Comets,HOU,0,0,,,,,,0,0,,,,,,0
1020400062,285,6,1,2,10:22 PM,8:41,,,Sam P.FOUL (P3.PN),,,5,100416,Sheri Sam,1611661328.0,Seattle,Storm,SEA,0,0,,,,,,1,0,,,,,,0
1020400062,286,8,0,2,10:22 PM,8:41,,,SUB: Jackson FOR Burse,,,5,100660,Janell Burse,1611661328.0,Seattle,Storm,SEA,5,100682,Lauren Jackson,1611661328.0,Seattle,Storm,SEA,0,0,,,,,,0
1020400062,287,9,2,2,10:22 PM,8:41,COMETS Timeout: Short (Full 0 Short 3),,,,,2,1611661316,,,,,,0,0,,,,,,0,0,,,,,,0
1020400062,289,8,0,2,10:23 PM,8:41,,,SUB: Bird FOR Bevilaqua,,,5,100284,Tully Bevilaqua,1611661328.0,Seattle,Storm,SEA,5,100720,Sue Bird,1611661328.0,Seattle,Storm,SEA,0,0,,,,,,0
1020400062,290,6,2,2,10:23 PM,8:26,,,Vodichkova S.FOUL (P4.PN),,,5,100544,Kamila Vodichkova,1611661328.0,Seattle,Storm,SEA,0,0,,,,,,1,0,,,,,,0
1020400062,291,3,11,2,10:24 PM,8:26,MISS Johnson Free Throw 1 of 2,,,,,4,100233,Tiffani Johnson,1611661316.0,Houston,Comets,HOU,0,0,,,,,,0,0,,,,,,0
1020400062,292,4,1,2,10:24 PM,8:26,COMETS Rebound,,,,,2,1611661316,,,,,,0,0,,,,,,0,0,,,,,,0
1020400062,293,3,12,2,10:24 PM,8:26,Johnson Free Throw 2 of 2 (2 PTS),,,47 - 45,-2,4,100233,Tiffani Johnson,1611661316.0,Houston,Comets,HOU,0,0,,,,,,0,0,,,,,,0
1020400062,295,1,1,2,10:24 PM,8:10,,,Bird  3PT Jump Shot (3 PTS) (Lennox 2 AST),50 - 45,-5,5,100720,Sue Bird,1611661328.0,Seattle,Storm,SEA,5,100484,Betty Lennox,1611661328.0,Seattle,Storm,SEA,0,0,,,,,,0
1020400062,296,1,1,2,10:25 PM,7:53,Swoopes  3PT Jump Shot (24 PTS) (Berthieu 1 AST),,,50 - 48,-2,4,100072,Sheryl Swoopes,1611661316.0,Houston,Comets,HOU,4,100739,Lucienne Berthieu,1611661316.0,Houston,Comets,HOU,0,0,,,,,,0
1020400062,297,1,5,2,10:25 PM,7:34,,,Vodichkova  Layup (5 PTS) (Jackson 3 AST),52 - 48,-4,5,100544,Kamila Vodichkova,1611661328.0,Seattle,Storm,SEA,5,100682,Lauren Jackson,1611661328.0,Seattle,Storm,SEA,0,0,,,,,,0
1020400062,298,1,1,2,10:25 PM,7:16,Swoopes 27' 3PT Jump Shot (27 PTS) (Johnson 1 AST),,,52 - 51,-1,4,100072,Sheryl Swoopes,1611661316.0,Houston,Comets,HOU,4,100233,Tiffani Johnson,1611661316.0,Houston,Comets,HOU,0,0,,,,,,0
1020400062,299,2,1,2,10:26 PM,6:55,,,MISS Sam  3PT Jump Shot,,,5,100416,Sheri Sam,1611661328.0,Seattle,Storm,SEA,0,0,,,,,,0,0,,,,,,0
1020400062,300,4,0,2,10:26 PM,6:53,Johnson REBOUND (Off:0 Def:5),,,,,4,100233,Tiffani Johnson,1611661316.0,Houston,Comets,HOU,0,0,,,,,,0,0,,,,,,0
1020400062,301,2,1,2,10:26 PM,6:35,MISS Swoopes 20' Jump Shot,,,,,4,100072,Sheryl Swoopes,1611661316.0,Houston,Comets,HOU,0,0,,,,,,0,0,,,,,,0
1020400062,302,4,0,2,10:26 PM,6:34,Johnson REBOUND (Off:1 Def:5),,,,,4,100233,Tiffani Johnson,1611661316.0,Houston,Comets,HOU,0,0,,,,,,0,0,,,,,,0
1020400062,303,2,5,2,10:26 PM,6:32,MISS Johnson  Layup,,Jackson BLOCK (2 BLK),,,4,100233,Tiffani Johnson,1611661316.0,Houston,Comets,HOU,0,0,,,,,,5,100682,Lauren Jackson,1611661328.0,Seattle,Storm,SEA,0
1020400062,304,4,0,2,10:26 PM,6:30,,,Sam REBOUND (Off:0 Def:2),,,5,100416,Sheri Sam,1611661328.0,Seattle,Storm,SEA,0,0,,,,,,0,0,,,,,,0
1020400062,305,2,63,2,10:26 PM,6:19,,,MISS Lennox 12' Fadeaway Jumper,,,5,100484,Betty Lennox,1611661328.0,Seattle,Storm,SEA,0,0,,,,,,0,0,,,,,,0
1020400062,306,4,0,2,10:26 PM,6:17,Johnson REBOUND (Off:1 Def:6),,,,,4,100233,Tiffani Johnson,1611661316.0,Houston,Comets,HOU,0,0,,,,,,0,0,,,,,,0
1020400062,307,2,5,2,10:26 PM,6:06,MISS Berthieu  Layup,,Jackson BLOCK (3 BLK),,,4,100739,Lucienne Berthieu,1611661316.0,Houston,Comets,HOU,0,0,,,,,,5,100682,Lauren Jackson,1611661328.0,Seattle,Storm,SEA,0
1020400062,308,4,0,2,10:27 PM,6:04,Berthieu REBOUND (Off:2 Def:1),,,,,4,100739,Lucienne Berthieu,1611661316.0,Houston,Comets,HOU,0,0,,,,,,0,0,,,,,,0
1020400062,309,2,1,2,10:27 PM,5:54,MISS Berthieu 14' Jump Shot,,,,,4,100739,Lucienne Berthieu,1611661316.0,Houston,Comets,HOU,0,0,,,,,,0,0,,,,,,0
1020400062,310,4,0,2,10:27 PM,5:52,,,Storm Rebound,,,3,1611661328,,,,,,0,0,,,,,,0,0,,,,,,0
1020400062,311,6,3,2,10:27 PM,5:52,Johnson L.B.FOUL (P4.PN),,,,,4,100233,Tiffani Johnson,1611661316.0,Houston,Comets,HOU,0,0,,,,,,1,0,,,,,,0
1020400062,312,9,4,2,10:27 PM,5:52,,Timeout: Official,,,,1,0,,,,,,0,0,,,,,,0,0,,,,,,0
1020400062,316,2,1,2,10:30 PM,5:34,,,MISS Bird 14' Jump Shot,,,5,100720,Sue Bird,1611661328.0,Seattle,Storm,SEA,0,0,,,,,,0,0,,,,,,0
1020400062,317,4,0,2,10:30 PM,5:32,Berthieu REBOUND (Off:2 Def:2),,,,,4,100739,Lucienne Berthieu,1611661316.0,Houston,Comets,HOU,0,0,,,,,,0,0,,,,,,0
1020400062,318,5,1,2,10:30 PM,5:29,Lambert Bad Pass Turnover (P2.T14),,Lennox STEAL (2 STL),,,4,100726,Sheila Lambert,1611661316.0,Houston,Comets,HOU,5,100484,Betty Lennox,1611661328.0,Seattle,Storm,SEA,0,0,,,,,,0
1020400062,319,5,1,2,10:30 PM,5:22,Lambert STEAL (1 STL),,Lennox Bad Pass Turnover (P1.T14),,,5,100484,Betty Lennox,1611661328.0,Seattle,Storm,SEA,4,100726,Sheila Lambert,1611661316.0,Houston,Comets,HOU,0,0,,,,,,0
1020400062,320,6,4,2,10:31 PM,5:19,Lambert OFF.Foul (P1),,,,,4,100726,Sheila Lambert,1611661316.0,Houston,Comets,HOU,0,0,,,,,,1,0,,,,,,0
1020400062,321,5,5,2,10:31 PM,5:19,Lambert Foul Turnover (P3.T15),,,,,4,100726,Sheila Lambert,1611661316.0,Houston,Comets,HOU,0,0,,,,,,0,0,,,,,,0
1020400062,322,8,0,2,10:31 PM,5:19,SUB: Holland-Corn FOR Canty,,,,,4,100384,Dominique Canty,1611661316.0,Houston,Comets,HOU,4,100421,Kedra Holland-Corn,1611661316.0,Houston,Comets,HOU,0,0,,,,,,0
1020400062,323,2,1,2,10:31 PM,5:05,,,MISS Sam  3PT Jump Shot,,,5,100416,Sheri Sam,1611661328.0,Seattle,Storm,SEA,0,0,,,,,,0,0,,,,,,0
1020400062,324,4,0,2,10:31 PM,5:03,,,Vodichkova REBOUND (Off:3 Def:1),,,5,100544,Kamila Vodichkova,1611661328.0,Seattle,Storm,SEA,0,0,,,,,,0,0,,,,,,0
1020400062,325,1,5,2,10:31 PM,5:03,,,Vodichkova  Layup (7 PTS),54 - 51,-3,5,100544,Kamila Vodichkova,1611661328.0,Seattle,Storm,SEA,0,0,,,,,,0,0,,,,,,0
1020400062,326,6,2,2,10:31 PM,5:03,Johnson S.FOUL (P5.PN),,,,,4,100233,Tiffani Johnson,1611661316.0,Houston,Comets,HOU,0,0,,,,,,1,0,,,,,,0
1020400062,327,8,0,2,10:32 PM,5:03,SUB: Snow FOR Johnson,,,,,4,100233,Tiffani Johnson,1611661316.0,Houston,Comets,HOU,4,100729,Michelle Snow,1611661316.0,Houston,Comets,HOU,0,0,,,,,,0
1020400062,328,3,10,2,10:32 PM,5:03,,,Vodichkova Free Throw 1 of 1 (8 PTS),55 - 51,-4,5,100544,Kamila Vodichkova,1611661328.0,Seattle,Storm,SEA,0,0,,,,,,0,0,,,,,,0
1020400062,329,2,5,2,10:32 PM,4:49,MISS Berthieu  Layup,,,,,4,100739,Lucienne Berthieu,1611661316.0,Houston,Comets,HOU,0,0,,,,,,0,0,,,,,,0
1020400062,330,4,0,2,10:32 PM,4:47,,,Vodichkova REBOUND (Off:3 Def:2),,,5,100544,Kamila Vodichkova,1611661328.0,Seattle,Storm,SEA,0,0,,,,,,0,0,,,,,,0
1020400062,331,5,1,2,10:33 PM,4:39,Lambert STEAL (2 STL),,Bird Bad Pass Turnover (P3.T15),,,5,100720,Sue Bird,1611661328.0,Seattle,Storm,SEA,4,100726,Sheila Lambert,1611661316.0,Houston,Comets,HOU,0,0,,,,,,0
1020400062,332,5,1,2,10:33 PM,4:15,Lambert Bad Pass Turnover (P4.T16),,,,,4,100726,Sheila Lambert,1611661316.0,Houston,Comets,HOU,0,0,,,,,,0,0,,,,,,0
1020400062,333,2,1,2,10:33 PM,4:04,,,MISS Lennox 16' Jump Shot,,,5,100484,Betty Lennox,1611661328.0,Seattle,Storm,SEA,0,0,,,,,,0,0,,,,,,0
1020400062,334,4,0,2,10:33 PM,4:02,Snow REBOUND (Off:3 Def:5),,,,,4,100729,Michelle Snow,1611661316.0,Houston,Comets,HOU,0,0,,,,,,0,0,,,,,,0
1020400062,335,6,3,2,10:33 PM,4:02,,,Vodichkova L.B.FOUL (P5.PN),,,5,100544,Kamila Vodichkova,1611661328.0,Seattle,Storm,SEA,0,0,,,,,,1,0,,,,,,0
1020400062,336,3,11,2,10:34 PM,4:02,Snow Free Throw 1 of 2 (2 PTS),,,55 - 52,-3,4,100729,Michelle Snow,1611661316.0,Houston,Comets,HOU,0,0,,,,,,0,0,,,,,,0
1020400062,337,3,12,2,10:34 PM,4:02,Snow Free Throw 2 of 2 (3 PTS),,,55 - 53,-2,4,100729,Michelle Snow,1611661316.0,Houston,Comets,HOU,0,0,,,,,,0,0,,,,,,0
1020400062,338,9,4,2,10:34 PM,3:56,,Timeout: Official,,,,1,0,,,,,,0,0,,,,,,0,0,,,,,,0
1020400062,342,6,1,2,10:38 PM,3:38,Berthieu P.FOUL (P6.PN),,,,,4,100739,Lucienne Berthieu,1611661316.0,Houston,Comets,HOU,0,0,,,,,,1,0,,,,,,0
1020400062,343,8,0,2,10:38 PM,3:38,SUB: Johnson FOR Berthieu,,,,,4,100739,Lucienne Berthieu,1611661316.0,Houston,Comets,HOU,4,100233,Tiffani Johnson,1611661316.0,Houston,Comets,HOU,0,0,,,,,,0
1020400062,344,3,11,2,10:38 PM,3:38,,,Jackson Free Throw 1 of 2 (16 PTS),56 - 53,-3,5,100682,Lauren Jackson,1611661328.0,Seattle,Storm,SEA,0,0,,,,,,0,0,,,,,,0
1020400062,345,3,12,2,10:38 PM,3:38,,,Jackson Free Throw 2 of 2 (17 PTS),57 - 53,-4,5,100682,Lauren Jackson,1611661328.0,Seattle,Storm,SEA,0,0,,,,,,0,0,,,,,,0
1020400062,346,2,1,2,10:39 PM,3:23,MISS Swoopes  Jump Shot,,,,,4,100072,Sheryl Swoopes,1611661316.0,Houston,Comets,HOU,0,0,,,,,,0,0,,,,,,0
1020400062,347,4,0,2,10:39 PM,3:21,,,Lennox REBOUND (Off:1 Def:4),,,5,100484,Betty Lennox,1611661328.0,Seattle,Storm,SEA,0,0,,,,,,0,0,,,,,,0
1020400062,348,1,5,2,10:39 PM,3:00,,,Vodichkova  Layup (10 PTS) (Bird 6 AST),59 - 53,-6,5,100544,Kamila Vodichkova,1611661328.0,Seattle,Storm,SEA,5,100720,Sue Bird,1611661328.0,Seattle,Storm,SEA,0,0,,,,,,0
1020400062,352,6,2,2,10:40 PM,3:00,Swoopes S.FOUL (P2.PN),,,,,4,100072,Sheryl Swoopes,1611661316.0,Houston,Comets,HOU,0,0,,,,,,1,0,,,,,,0
1020400062,351,3,10,2,10:40 PM,3:00,,,Vodichkova Free Throw 1 of 1 (11 PTS),60 - 53,-7,5,100544,Kamila Vodichkova,1611661328.0,Seattle,Storm,SEA,0,0,,,,,,0,0,,,,,,0
1020400062,353,1,1,2,10:40 PM,2:33,Swoopes 16' Jump Shot (29 PTS),,,60 - 55,-5,4,100072,Sheryl Swoopes,1611661316.0,Houston,Comets,HOU,0,0,,,,,,0,0,,,,,,0
1020400062,355,2,46,2,10:41 PM,2:12,,,MISS Sam  Running Jump Shot,,,5,100416,Sheri Sam,1611661328.0,Seattle,Storm,SEA,0,0,,,,,,0,0,,,,,,0
1020400062,356,4,0,2,10:41 PM,2:10,Snow REBOUND (Off:3 Def:6),,,,,4,100729,Michelle Snow,1611661316.0,Houston,Comets,HOU,0,0,,,,,,0,0,,,,,,0
1020400062,357,2,1,2,10:41 PM,1:55,MISS Holland-Corn  3PT Jump Shot,,,,,4,100421,Kedra Holland-Corn,1611661316.0,Houston,Comets,HOU,0,0,,,,,,0,0,,,,,,0
1020400062,358,4,0,2,10:41 PM,1:53,,,Jackson REBOUND (Off:1 Def:5),,,5,100682,Lauren Jackson,1611661328.0,Seattle,Storm,SEA,0,0,,,,,,0,0,,,,,,0
1020400062,359,5,1,2,10:42 PM,1:39,Swoopes STEAL (2 STL),,Vodichkova Bad Pass Turnover (P4.T16),,,5,100544,Kamila Vodichkova,1611661328.0,Seattle,Storm,SEA,4,100072,Sheryl Swoopes,1611661316.0,Houston,Comets,HOU,0,0,,,,,,0
1020400062,360,1,5,2,10:42 PM,1:35,Lambert  Layup (11 PTS) (Swoopes 2 AST),,,60 - 57,-3,4,100726,Sheila Lambert,1611661316.0,Houston,Comets,HOU,4,100072,Sheryl Swoopes,1611661316.0,Houston,Comets,HOU,0,0,,,,,,0
1020400062,361,1,42,2,10:42 PM,1:10,,,Bird  Driving Layup (5 PTS),62 - 57,-5,5,100720,Sue Bird,1611661328.0,Seattle,Storm,SEA,0,0,,,,,,0,0,,,,,,0
1020400062,362,1,42,2,10:42 PM,0:54,Lambert  Driving Layup (13 PTS),,,62 - 59,-3,4,100726,Sheila Lambert,1611661316.0,Houston,Comets,HOU,0,0,,,,,,0,0,,,,,,0
1020400062,363,1,1,2,10:42 PM,0:45,,,Sam  3PT Jump Shot (10 PTS) (Lennox 3 AST),65 - 59,-6,5,100416,Sheri Sam,1611661328.0,Seattle,Storm,SEA,5,100484,Betty Lennox,1611661328.0,Seattle,Storm,SEA,0,0,,,,,,0
1020400062,364,5,13,2,10:43 PM,0:35,Lambert Backcourt Turnover (P5.T17),,,,,4,100726,Sheila Lambert,1611661316.0,Houston,Comets,HOU,0,0,,,,,,1,0,,,,,,0
1020400062,365,9,2,2,10:43 PM,0:35,,,Storm Timeout: Short (Reg.1 Short 3),,,3,1611661328,,,,,,0,0,,,,,,0,0,,,,,,0
1020400062,367,6,1,2,10:44 PM,0:33,Holland-Corn P.FOUL (P3.PN),,,,,4,100421,Kedra Holland-Corn,1611661316.0,Houston,Comets,HOU,0,0,,,,,,1,0,,,,,,0
1020400062,368,3,11,2,10:44 PM,0:33,,,Lennox Free Throw 1 of 2 (12 PTS),66 - 59,-7,5,100484,Betty Lennox,1611661328.0,Seattle,Storm,SEA,0,0,,,,,,0,0,,,,,,0
1020400062,369,3,12,2,10:45 PM,0:33,,,Lennox Free Throw 2 of 2 (13 PTS),67 - 59,-8,5,100484,Betty Lennox,1611661328.0,Seattle,Storm,SEA,0,0,,,,,,0,0,,,,,,0
1020400062,370,1,5,2,10:45 PM,0:28,Swoopes  Layup (31 PTS) (Lambert 6 AST),,,67 - 61,-6,4,100072,Sheryl Swoopes,1611661316.0,Houston,Comets,HOU,4,100726,Sheila Lambert,1611661316.0,Houston,Comets,HOU,0,0,,,,,,0
1020400062,371,5,1,2,10:45 PM,0:27,,,Vodichkova Bad Pass Turnover (P5.T17),,,5,100544,Kamila Vodichkova,1611661328.0,Seattle,Storm,SEA,0,0,,,,,,0,0,,,,,,0
1020400062,372,6,1,2,10:46 PM,0:27,,,Lennox P.FOUL (P3.PN),,,5,100484,Betty Lennox,1611661328.0,Seattle,Storm,SEA,0,0,,,,,,1,0,,,,,,0
1020400062,373,3,11,2,10:46 PM,0:27,Swoopes Free Throw 1 of 2 (32 PTS),,,67 - 62,-5,4,100072,Sheryl Swoopes,1611661316.0,Houston,Comets,HOU,0,0,,,,,,0,0,,,,,,0
1020400062,374,8,0,2,10:46 PM,0:27,SUB: Johns Kimbrough FOR Snow,,,,,4,100729,Michelle Snow,1611661316.0,Houston,Comets,HOU,4,100180,Pollyanna Johns Kimbrough,1611661316.0,Houston,Comets,HOU,0,0,,,,,,0
1020400062,375,8,0,2,10:46 PM,0:27,SUB: Canty FOR Johnson,,,,,4,100233,Tiffani Johnson,1611661316.0,Houston,Comets,HOU,4,100384,Dominique Canty,1611661316.0,Houston,Comets,HOU,0,0,,,,,,0
1020400062,376,3,12,2,10:46 PM,0:27,Swoopes Free Throw 2 of 2 (33 PTS),,,67 - 63,-4,4,100072,Sheryl Swoopes,1611661316.0,Houston,Comets,HOU,0,0,,,,,,0,0,,,,,,0
1020400062,377,9,1,2,10:47 PM,0:27,,,Storm Timeout: Regular (Reg.2 Short 3),,,3,1611661328,,,,,,0,0,,,,,,0,0,,,,,,0
1020400062,379,8,0,2,10:48 PM,0:27,SUB: Snow FOR Johns Kimbrough,,,,,4,100180,Pollyanna Johns Kimbrough,1611661316.0,Houston,Comets,HOU,4,100729,Michelle Snow,1611661316.0,Houston,Comets,HOU,0,0,,,,,,0
1020400062,381,6,1,2,10:49 PM,0:26,Swoopes P.FOUL (P3.PN),,,,,4,100072,Sheryl Swoopes,1611661316.0,Houston,Comets,HOU,0,0,,,,,,1,0,,,,,,0
1020400062,382,3,11,2,10:49 PM,0:26,,,MISS Jackson Free Throw 1 of 2,,,5,100682,Lauren Jackson,1611661328.0,Seattle,Storm,SEA,0,0,,,,,,0,0,,,,,,0
1020400062,383,4,1,2,10:49 PM,0:26,,,Storm Rebound,,,3,1611661328,,,,,,0,0,,,,,,0,0,,,,,,0
1020400062,384,8,0,2,10:49 PM,0:26,,,SUB: Barnes FOR Vodichkova,,,5,100544,Kamila Vodichkova,1611661328.0,Seattle,Storm,SEA,5,100231,Adia Barnes,1611661328.0,Seattle,Storm,SEA,0,0,,,,,,0
1020400062,385,3,12,2,10:50 PM,0:26,,,Jackson Free Throw 2 of 2 (18 PTS),68 - 63,-5,5,100682,Lauren Jackson,1611661328.0,Seattle,Storm,SEA,0,0,,,,,,0,0,,,,,,0
1020400062,386,2,1,2,10:50 PM,0:17,MISS Holland-Corn 24' 3PT Jump Shot,,,,,4,100421,Kedra Holland-Corn,1611661316.0,Houston,Comets,HOU,0,0,,,,,,0,0,,,,,,0
1020400062,387,4,0,2,10:50 PM,0:15,,,Bird REBOUND (Off:0 Def:3),,,5,100720,Sue Bird,1611661328.0,Seattle,Storm,SEA,0,0,,,,,,0,0,,,,,,0
1020400062,388,6,1,2,10:50 PM,0:14,Snow P.FOUL (P3.PN),,,,,4,100729,Michelle Snow,1611661316.0,Houston,Comets,HOU,0,0,,,,,,1,0,,,,,,0
1020400062,390,3,11,2,10:50 PM,0:14,,,MISS Bird Free Throw 1 of 2,,,5,100720,Sue Bird,1611661328.0,Seattle,Storm,SEA,0,0,,,,,,0,0,,,,,,0
1020400062,391,4,1,2,10:50 PM,0:14,,,Storm Rebound,,,3,1611661328,,,,,,0,0,,,,,,0,0,,,,,,0
1020400062,392,3,12,2,10:50 PM,0:14,,,Bird Free Throw 2 of 2 (6 PTS),69 - 63,-6,5,100720,Sue Bird,1611661328.0,Seattle,Storm,SEA,0,0,,,,,,0,0,,,,,,0
1020400062,393,2,42,2,10:51 PM,0:04,MISS Lambert  Driving Layup,,,,,4,100726,Sheila Lambert,1611661316.0,Houston,Comets,HOU,0,0,,,,,,0,0,,,,,,0
1020400062,394,4,0,2,10:51 PM,0:02,Swoopes REBOUND (Off:3 Def:3),,,,,4,100072,Sheryl Swoopes,1611661316.0,Houston,Comets,HOU,0,0,,,,,,0,0,,,,,,0
1020400062,399,13,0,2,10:56 PM,0:00,,End of 2nd Half (10:56 PM EST),,69 - 63,-6,0,0,,,,,,0,0,,,,,,0,0,,,,,,0
