GAME_ID,EVENTNUM,EVENTMSGTYPE,EVENTMSGACTIONTYPE,PERIOD,WCTIMESTRING,PCTIMESTRING,HOMEDESCRIPTION,NEUTRALDESCRIPTION,VISITORDESCRIPTION,SCORE,SCOREMARGIN,PERSON1TYPE,PLAYER1_ID,PLAYER1_NAME,PLAYER1_TEAM_ID,PLAYER1_TEAM_CITY,PLAYER1_TEAM_NICKNAME,PLAYER1_TEAM_ABBREVIATION,PERSON2TYPE,PLAYER2_ID,PLAYER2_NAME,PLAYER2_TEAM_ID,PLAYER2_TEAM_CITY,PLAYER2_TEAM_NICKNAME,PLAYER2_TEAM_ABBREVIATION,PERSON3TYPE,PLAYER3_ID,PLAYER3_NAME,PLAYER3_TEAM_ID,PLAYER3_TEAM_CITY,PLAYER3_TEAM_NICKNAME,PLAYER3_TEAM_ABBREVIATION,VIDEO_AVAILABLE_FLAG
1020000180,1,12,0,1,11:00 PM,20:00,,Start of 1st Half (11:00 PM EST),,,,0,0,,,,,,0,0,,,,,,0,0,,,,,,0
1020000180,2,10,0,1,11:04 PM,20:00,Jump Ball Ndiaye-Diatta vs. Johnson: Tip to Johnson,,,,,4,100387,Astou Ndiaye-Diatta,1611661321.0,Detroit,Shock,DET,5,100233,Tiffani Johnson,1611661316.0,Houston,Comets,HOU,5,100233,Tiffani Johnson,1611661316.0,Houston,Comets,HOU,0
1020000180,3,2,1,1,11:04 PM,19:47,,,MISS Cooper 3PT Jump Shot,,,5,100073,Cynthia Cooper,1611661316.0,Houston,Comets,HOU,0,0,,,,,,0,0,,,,,,0
1020000180,4,4,0,1,11:04 PM,19:44,Tornikidou REBOUND (Off:0 Def:1),,,,,4,100388,Elena Tornikidou,1611661321.0,Detroit,Shock,DET,0,0,,,,,,0,0,,,,,,0
1020000180,5,2,1,1,11:05 PM,19:32,MISS Tornikidou 17' Jump Shot,,,,,4,100388,Elena Tornikidou,1611661321.0,Detroit,Shock,DET,0,0,,,,,,0,0,,,,,,0
1020000180,6,4,0,1,11:05 PM,19:31,SHOCK Rebound,,,,,2,1611661321,,,,,,0,0,,,,,,0,0,,,,,,0
1020000180,7,2,1,1,11:05 PM,19:27,MISS Ndiaye-Diatta 13' Jump Shot,,,,,4,100387,Astou Ndiaye-Diatta,1611661321.0,Detroit,Shock,DET,0,0,,,,,,0,0,,,,,,0
1020000180,8,4,0,1,11:05 PM,19:24,,,Thompson REBOUND (Off:0 Def:1),,,5,100076,Tina Thompson,1611661316.0,Houston,Comets,HOU,0,0,,,,,,0,0,,,,,,0
1020000180,9,2,1,1,11:05 PM,19:10,,,MISS Swoopes 15' Jump Shot,,,5,100072,Sheryl Swoopes,1611661316.0,Houston,Comets,HOU,0,0,,,,,,0,0,,,,,,0
1020000180,10,4,0,1,11:05 PM,19:08,,,Johnson REBOUND (Off:1 Def:0),,,5,100233,Tiffani Johnson,1611661316.0,Houston,Comets,HOU,0,0,,,,,,0,0,,,,,,0
1020000180,11,1,5,1,11:05 PM,19:04,,,Swoopes 1' Layup (2 PTS) (Johnson 1 AST),2 - 0,-2,5,100072,Sheryl Swoopes,1611661316.0,Houston,Comets,HOU,5,100233,Tiffani Johnson,1611661316.0,Houston,Comets,HOU,0,0,,,,,,0
1020000180,12,1,5,1,11:06 PM,18:46,Ndiaye-Diatta 2' Layup (2 PTS) (Tornikidou 1 AST),,,2 - 2,TIE,4,100387,Astou Ndiaye-Diatta,1611661321.0,Detroit,Shock,DET,4,100388,Elena Tornikidou,1611661321.0,Detroit,Shock,DET,0,0,,,,,,0
1020000180,13,1,5,1,11:06 PM,18:28,,,Johnson 1' Layup (2 PTS) (Cooper 1 AST),4 - 2,-2,5,100233,Tiffani Johnson,1611661316.0,Houston,Comets,HOU,5,100073,Cynthia Cooper,1611661316.0,Houston,Comets,HOU,0,0,,,,,,0
1020000180,14,2,1,1,11:06 PM,18:13,MISS Palmer 16' Jump Shot,,,,,4,100046,Wendy Palmer,1611661321.0,Detroit,Shock,DET,0,0,,,,,,0,0,,,,,,0
1020000180,15,4,0,1,11:06 PM,18:09,Ndiaye-Diatta REBOUND (Off:1 Def:0),,,,,4,100387,Astou Ndiaye-Diatta,1611661321.0,Detroit,Shock,DET,0,0,,,,,,0,0,,,,,,0
1020000180,16,1,1,1,11:06 PM,18:06,Tornikidou 3PT Jump Shot (3 PTS) (Ndiaye-Diatta 1 AST),,,4 - 5,1,4,100388,Elena Tornikidou,1611661321.0,Detroit,Shock,DET,4,100387,Astou Ndiaye-Diatta,1611661321.0,Detroit,Shock,DET,0,0,,,,,,0
1020000180,17,6,4,1,11:07 PM,17:40,,,Swoopes OFF.Foul (P1),,,5,100072,Sheryl Swoopes,1611661316.0,Houston,Comets,HOU,4,100384,Dominique Canty,1611661321.0,Detroit,Shock,DET,1,0,,,,,,0
1020000180,18,5,5,1,11:07 PM,17:40,,,Swoopes Foul Turnover (P1.T1),,,5,100072,Sheryl Swoopes,1611661316.0,Houston,Comets,HOU,0,0,,,,,,0,0,,,,,,0
1020000180,19,6,4,1,11:08 PM,17:28,Tornikidou OFF.Foul (P1),,,,,4,100388,Elena Tornikidou,1611661321.0,Detroit,Shock,DET,5,100073,Cynthia Cooper,1611661316.0,Houston,Comets,HOU,1,0,,,,,,0
1020000180,20,5,5,1,11:08 PM,17:28,Tornikidou Foul Turnover (P1.T1),,,,,4,100388,Elena Tornikidou,1611661321.0,Detroit,Shock,DET,0,0,,,,,,0,0,,,,,,0
1020000180,21,2,1,1,11:08 PM,17:16,,,MISS Swoopes 14' Jump Shot,,,5,100072,Sheryl Swoopes,1611661316.0,Houston,Comets,HOU,0,0,,,,,,0,0,,,,,,0
1020000180,22,4,0,1,11:08 PM,17:16,SHOCK Rebound,,,,,2,1611661321,,,,,,0,0,,,,,,0,0,,,,,,0
1020000180,23,2,5,1,11:08 PM,17:04,MISS Palmer 2' Layup,,Johnson BLOCK (1 BLK),,,4,100046,Wendy Palmer,1611661321.0,Detroit,Shock,DET,0,0,,,,,,5,100233,Tiffani Johnson,1611661316.0,Houston,Comets,HOU,0
1020000180,24,4,0,1,11:08 PM,17:01,,,Johnson REBOUND (Off:1 Def:1),,,5,100233,Tiffani Johnson,1611661316.0,Houston,Comets,HOU,0,0,,,,,,0,0,,,,,,0
1020000180,25,1,1,1,11:09 PM,16:51,,,Cooper 3PT Jump Shot (3 PTS) (Arcain 1 AST),7 - 5,-2,5,100073,Cynthia Cooper,1611661316.0,Houston,Comets,HOU,5,100075,Janeth Arcain,1611661316.0,Houston,Comets,HOU,0,0,,,,,,0
1020000180,26,6,2,1,11:09 PM,16:27,,,Thompson S.FOUL (P1.T1),,,5,100076,Tina Thompson,1611661316.0,Houston,Comets,HOU,0,0,,,,,,1,0,,,,,,0
1020000180,27,3,11,1,11:09 PM,16:27,Canty Free Throw 1 of 2 (1 PTS),,,7 - 6,-1,4,100384,Dominique Canty,1611661321.0,Detroit,Shock,DET,0,0,,,,,,0,0,,,,,,0
1020000180,28,3,12,1,11:09 PM,16:27,Canty Free Throw 2 of 2 (2 PTS),,,7 - 7,TIE,4,100384,Dominique Canty,1611661321.0,Detroit,Shock,DET,0,0,,,,,,0,0,,,,,,0
1020000180,29,1,5,1,11:10 PM,16:12,,,Swoopes 2' Layup (4 PTS) (Cooper 2 AST),9 - 7,-2,5,100072,Sheryl Swoopes,1611661316.0,Houston,Comets,HOU,5,100073,Cynthia Cooper,1611661316.0,Houston,Comets,HOU,0,0,,,,,,0
1020000180,30,5,1,1,11:10 PM,15:59,Neves Bad Pass Turnover (P1.T2),,Thompson STEAL (1 STL),,,4,100386,Claudia Neves,1611661321.0,Detroit,Shock,DET,5,100076,Tina Thompson,1611661316.0,Houston,Comets,HOU,0,0,,,,,,0
1020000180,31,5,1,1,11:10 PM,15:55,,,Arcain Bad Pass Turnover (P1.T2),,,5,100075,Janeth Arcain,1611661316.0,Houston,Comets,HOU,0,0,,,,,,0,0,,,,,,0
1020000180,33,9,4,1,11:10 PM,15:55,,Timeout: Official,,,,1,0,,,,,,0,0,,,,,,0,0,,,,,,0
1020000180,34,2,1,1,11:13 PM,15:41,MISS Ndiaye-Diatta 11' Jump Shot,,,,,4,100387,Astou Ndiaye-Diatta,1611661321.0,Detroit,Shock,DET,0,0,,,,,,0,0,,,,,,0
1020000180,35,4,0,1,11:13 PM,15:39,,,Thompson REBOUND (Off:0 Def:2),,,5,100076,Tina Thompson,1611661316.0,Houston,Comets,HOU,0,0,,,,,,0,0,,,,,,0
1020000180,36,5,2,1,11:14 PM,15:24,Neves STEAL (1 STL),,Cooper Lost Ball Turnover (P1.T3),,,5,100073,Cynthia Cooper,1611661316.0,Houston,Comets,HOU,4,100386,Claudia Neves,1611661321.0,Detroit,Shock,DET,0,0,,,,,,0
1020000180,37,2,1,1,11:14 PM,15:15,MISS Tornikidou 3PT Jump Shot,,,,,4,100388,Elena Tornikidou,1611661321.0,Detroit,Shock,DET,0,0,,,,,,0,0,,,,,,0
1020000180,38,4,0,1,11:14 PM,15:13,,,Thompson REBOUND (Off:0 Def:3),,,5,100076,Tina Thompson,1611661316.0,Houston,Comets,HOU,0,0,,,,,,0,0,,,,,,0
1020000180,39,1,5,1,11:14 PM,15:05,,,Johnson 2' Layup (4 PTS) (Cooper 3 AST),11 - 7,-4,5,100233,Tiffani Johnson,1611661316.0,Houston,Comets,HOU,5,100073,Cynthia Cooper,1611661316.0,Houston,Comets,HOU,0,0,,,,,,0
1020000180,40,2,5,1,11:14 PM,14:49,MISS Palmer 1' Layup,,,,,4,100046,Wendy Palmer,1611661321.0,Detroit,Shock,DET,0,0,,,,,,0,0,,,,,,0
1020000180,41,4,0,1,11:14 PM,14:46,Palmer REBOUND (Off:1 Def:0),,,,,4,100046,Wendy Palmer,1611661321.0,Detroit,Shock,DET,0,0,,,,,,0,0,,,,,,0
1020000180,42,2,5,1,11:14 PM,14:45,MISS Palmer 1' Layup,,,,,4,100046,Wendy Palmer,1611661321.0,Detroit,Shock,DET,0,0,,,,,,0,0,,,,,,0
1020000180,43,4,0,1,11:14 PM,14:42,,,Swoopes REBOUND (Off:0 Def:1),,,5,100072,Sheryl Swoopes,1611661316.0,Houston,Comets,HOU,0,0,,,,,,0,0,,,,,,0
1020000180,44,1,1,1,11:14 PM,14:37,,,Thompson 14' Jump Shot (2 PTS) (Swoopes 1 AST),13 - 7,-6,5,100076,Tina Thompson,1611661316.0,Houston,Comets,HOU,5,100072,Sheryl Swoopes,1611661316.0,Houston,Comets,HOU,0,0,,,,,,0
1020000180,45,6,2,1,11:15 PM,14:18,,,Johnson S.FOUL (P1.T2),,,5,100233,Tiffani Johnson,1611661316.0,Houston,Comets,HOU,0,0,,,,,,1,0,,,,,,0
1020000180,46,3,11,1,11:15 PM,14:18,Canty Free Throw 1 of 2 (3 PTS),,,13 - 8,-5,4,100384,Dominique Canty,1611661321.0,Detroit,Shock,DET,0,0,,,,,,0,0,,,,,,0
1020000180,47,8,0,1,11:15 PM,14:18,,,SUB: Jackson FOR Johnson,,,5,100233,Tiffani Johnson,1611661316.0,Houston,Comets,HOU,5,100077,Tammy Jackson,1611661316.0,Houston,Comets,HOU,0,0,,,,,,0
1020000180,48,3,12,1,11:15 PM,14:18,Canty Free Throw 2 of 2 (4 PTS),,,13 - 9,-4,4,100384,Dominique Canty,1611661321.0,Detroit,Shock,DET,0,0,,,,,,0,0,,,,,,0
1020000180,49,6,2,1,11:16 PM,14:01,Palmer S.FOUL (P1.T1),,,,,4,100046,Wendy Palmer,1611661321.0,Detroit,Shock,DET,0,0,,,,,,1,0,,,,,,0
1020000180,50,3,11,1,11:16 PM,14:01,,,Cooper Free Throw 1 of 2 (4 PTS),14 - 9,-5,5,100073,Cynthia Cooper,1611661316.0,Houston,Comets,HOU,0,0,,,,,,0,0,,,,,,0
1020000180,51,3,12,1,11:16 PM,14:01,,,Cooper Free Throw 2 of 2 (5 PTS),15 - 9,-6,5,100073,Cynthia Cooper,1611661316.0,Houston,Comets,HOU,0,0,,,,,,0,0,,,,,,0
1020000180,52,2,1,1,11:17 PM,13:37,MISS Ndiaye-Diatta 13' Jump Shot,,,,,4,100387,Astou Ndiaye-Diatta,1611661321.0,Detroit,Shock,DET,0,0,,,,,,0,0,,,,,,0
1020000180,53,4,0,1,11:17 PM,13:37,,,Thompson REBOUND (Off:0 Def:4),,,5,100076,Tina Thompson,1611661316.0,Houston,Comets,HOU,0,0,,,,,,0,0,,,,,,0
1020000180,54,6,3,1,11:17 PM,13:37,Tornikidou L.B.FOUL (P2.T2),,,,,4,100388,Elena Tornikidou,1611661321.0,Detroit,Shock,DET,0,0,,,,,,1,0,,,,,,0
1020000180,55,2,1,1,11:18 PM,13:24,,,MISS Cooper 24' 3PT Jump Shot,,,5,100073,Cynthia Cooper,1611661316.0,Houston,Comets,HOU,0,0,,,,,,0,0,,,,,,0
1020000180,56,4,0,1,11:18 PM,13:21,Ndiaye-Diatta REBOUND (Off:1 Def:1),,,,,4,100387,Astou Ndiaye-Diatta,1611661321.0,Detroit,Shock,DET,0,0,,,,,,0,0,,,,,,0
1020000180,57,2,1,1,11:18 PM,13:16,MISS Canty 15' Jump Shot,,,,,4,100384,Dominique Canty,1611661321.0,Detroit,Shock,DET,0,0,,,,,,0,0,,,,,,0
1020000180,58,4,0,1,11:18 PM,13:13,,,Thompson REBOUND (Off:0 Def:5),,,5,100076,Tina Thompson,1611661316.0,Houston,Comets,HOU,0,0,,,,,,0,0,,,,,,0
1020000180,59,2,1,1,11:18 PM,13:08,,,MISS Jackson 7' Jump Shot,,,5,100077,Tammy Jackson,1611661316.0,Houston,Comets,HOU,0,0,,,,,,0,0,,,,,,0
1020000180,60,4,0,1,11:18 PM,13:06,,,Cooper REBOUND (Off:1 Def:0),,,5,100073,Cynthia Cooper,1611661316.0,Houston,Comets,HOU,0,0,,,,,,0,0,,,,,,0
1020000180,61,1,5,1,11:18 PM,13:02,,,Cooper 1' Layup (7 PTS),17 - 9,-8,5,100073,Cynthia Cooper,1611661316.0,Houston,Comets,HOU,0,0,,,,,,0,0,,,,,,0
1020000180,62,2,1,1,11:18 PM,12:46,MISS Neves 3PT Jump Shot,,,,,4,100386,Claudia Neves,1611661321.0,Detroit,Shock,DET,0,0,,,,,,0,0,,,,,,0
1020000180,63,4,0,1,11:18 PM,12:43,,,Thompson REBOUND (Off:0 Def:6),,,5,100076,Tina Thompson,1611661316.0,Houston,Comets,HOU,0,0,,,,,,0,0,,,,,,0
1020000180,64,2,1,1,11:18 PM,12:38,,,MISS Swoopes 17' Jump Shot,,,5,100072,Sheryl Swoopes,1611661316.0,Houston,Comets,HOU,0,0,,,,,,0,0,,,,,,0
1020000180,65,4,0,1,11:18 PM,12:36,Ndiaye-Diatta REBOUND (Off:1 Def:2),,,,,4,100387,Astou Ndiaye-Diatta,1611661321.0,Detroit,Shock,DET,0,0,,,,,,0,0,,,,,,0
1020000180,66,8,0,1,11:19 PM,12:34,SUB: DeForge FOR Neves,,,,,4,100386,Claudia Neves,1611661321.0,Detroit,Shock,DET,4,100493,Anna DeForge,1611661321.0,Detroit,Shock,DET,0,0,,,,,,0
1020000180,67,8,0,1,11:19 PM,12:34,SUB: Brown FOR Tornikidou,,,,,4,100388,Elena Tornikidou,1611661321.0,Detroit,Shock,DET,4,100492,Edwina Brown,1611661321.0,Detroit,Shock,DET,0,0,,,,,,0
1020000180,68,8,0,1,11:19 PM,12:34,SUB: Farris FOR Palmer,,,,,4,100046,Wendy Palmer,1611661321.0,Detroit,Shock,DET,4,100494,Barbara Farris,1611661321.0,Detroit,Shock,DET,0,0,,,,,,0
1020000180,69,8,0,1,11:19 PM,12:34,,,SUB: Johnson FOR Jackson,,,5,100077,Tammy Jackson,1611661316.0,Houston,Comets,HOU,5,100233,Tiffani Johnson,1611661316.0,Houston,Comets,HOU,0,0,,,,,,0
1020000180,70,6,4,1,11:20 PM,12:26,Ndiaye-Diatta OFF.Foul (P1),,,,,4,100387,Astou Ndiaye-Diatta,1611661321.0,Detroit,Shock,DET,5,100233,Tiffani Johnson,1611661316.0,Houston,Comets,HOU,1,0,,,,,,0
1020000180,71,5,5,1,11:20 PM,12:26,Ndiaye-Diatta Foul Turnover (P1.T3),,,,,4,100387,Astou Ndiaye-Diatta,1611661321.0,Detroit,Shock,DET,0,0,,,,,,0,0,,,,,,0
1020000180,72,6,4,1,11:20 PM,12:17,,,Johnson OFF.Foul (P2),,,5,100233,Tiffani Johnson,1611661316.0,Houston,Comets,HOU,4,100494,Barbara Farris,1611661321.0,Detroit,Shock,DET,1,0,,,,,,0
1020000180,73,5,5,1,11:20 PM,12:17,,,Johnson Foul Turnover (P1.T4),,,5,100233,Tiffani Johnson,1611661316.0,Houston,Comets,HOU,0,0,,,,,,0,0,,,,,,0
1020000180,74,2,1,1,11:21 PM,11:53,MISS Brown 10' Jump Shot,,,,,4,100492,Edwina Brown,1611661321.0,Detroit,Shock,DET,0,0,,,,,,0,0,,,,,,0
1020000180,75,4,0,1,11:21 PM,11:50,,,Johnson REBOUND (Off:1 Def:2),,,5,100233,Tiffani Johnson,1611661316.0,Houston,Comets,HOU,0,0,,,,,,0,0,,,,,,0
1020000180,76,2,5,1,11:21 PM,11:42,,,MISS Cooper Layup,,,5,100073,Cynthia Cooper,1611661316.0,Houston,Comets,HOU,0,0,,,,,,0,0,,,,,,0
1020000180,77,4,0,1,11:21 PM,11:40,Ndiaye-Diatta REBOUND (Off:1 Def:3),,,,,4,100387,Astou Ndiaye-Diatta,1611661321.0,Detroit,Shock,DET,0,0,,,,,,0,0,,,,,,0
1020000180,78,5,4,1,11:21 PM,11:37,Canty Traveling Turnover (P1.T4),,,,,4,100384,Dominique Canty,1611661321.0,Detroit,Shock,DET,0,0,,,,,,0,0,,,,,,0
1020000180,80,9,4,1,11:21 PM,11:37,,Timeout: Official,,,,1,0,,,,,,0,0,,,,,,0,0,,,,,,0
1020000180,81,2,1,1,11:24 PM,11:21,,,MISS Thompson 3PT Jump Shot,,,5,100076,Tina Thompson,1611661316.0,Houston,Comets,HOU,0,0,,,,,,0,0,,,,,,0
1020000180,82,4,0,1,11:24 PM,11:18,DeForge REBOUND (Off:0 Def:1),,,,,4,100493,Anna DeForge,1611661321.0,Detroit,Shock,DET,0,0,,,,,,0,0,,,,,,0
1020000180,83,1,1,1,11:24 PM,11:14,DeForge 15' Jump Shot (2 PTS),,,17 - 11,-6,4,100493,Anna DeForge,1611661321.0,Detroit,Shock,DET,0,0,,,,,,0,0,,,,,,0
1020000180,84,1,1,1,11:24 PM,10:58,,,Arcain 13' Jump Shot (2 PTS),19 - 11,-8,5,100075,Janeth Arcain,1611661316.0,Houston,Comets,HOU,0,0,,,,,,0,0,,,,,,0
1020000180,85,5,1,1,11:25 PM,10:39,Canty Bad Pass Turnover (P2.T5),,,,,4,100384,Dominique Canty,1611661321.0,Detroit,Shock,DET,0,0,,,,,,0,0,,,,,,0
1020000180,86,1,1,1,11:25 PM,10:19,,,Arcain 3PT Jump Shot (5 PTS) (Cooper 4 AST),22 - 11,-11,5,100075,Janeth Arcain,1611661316.0,Houston,Comets,HOU,5,100073,Cynthia Cooper,1611661316.0,Houston,Comets,HOU,0,0,,,,,,0
1020000180,87,6,4,1,11:25 PM,10:06,Farris OFF.Foul (P1),,,,,4,100494,Barbara Farris,1611661321.0,Detroit,Shock,DET,5,100073,Cynthia Cooper,1611661316.0,Houston,Comets,HOU,1,0,,,,,,0
1020000180,88,5,5,1,11:25 PM,10:06,Farris Foul Turnover (P1.T6),,,,,4,100494,Barbara Farris,1611661321.0,Detroit,Shock,DET,0,0,,,,,,0,0,,,,,,0
1020000180,89,8,0,1,11:26 PM,10:06,SUB: Palmer FOR Farris,,,,,4,100494,Barbara Farris,1611661321.0,Detroit,Shock,DET,4,100046,Wendy Palmer,1611661321.0,Detroit,Shock,DET,0,0,,,,,,0
1020000180,90,8,0,1,11:26 PM,10:06,SUB: Zakaluzhnaya FOR Ndiaye-Diatta,,,,,4,100387,Astou Ndiaye-Diatta,1611661321.0,Detroit,Shock,DET,4,100390,Oksana Zakaluzhnaya,1611661321.0,Detroit,Shock,DET,0,0,,,,,,0
1020000180,91,2,1,1,11:26 PM,9:53,,,MISS Thompson 15' Jump Shot,,,5,100076,Tina Thompson,1611661316.0,Houston,Comets,HOU,0,0,,,,,,0,0,,,,,,0
1020000180,92,4,0,1,11:26 PM,9:50,,,Johnson REBOUND (Off:2 Def:2),,,5,100233,Tiffani Johnson,1611661316.0,Houston,Comets,HOU,0,0,,,,,,0,0,,,,,,0
1020000180,93,2,5,1,11:26 PM,9:48,,,MISS Johnson 2' Layup,,,5,100233,Tiffani Johnson,1611661316.0,Houston,Comets,HOU,0,0,,,,,,0,0,,,,,,0
1020000180,94,4,0,1,11:26 PM,9:46,,,Johnson REBOUND (Off:3 Def:2),,,5,100233,Tiffani Johnson,1611661316.0,Houston,Comets,HOU,0,0,,,,,,0,0,,,,,,0
1020000180,95,1,1,1,11:26 PM,9:44,,,Swoopes 12' Jump Shot (6 PTS),24 - 11,-13,5,100072,Sheryl Swoopes,1611661316.0,Houston,Comets,HOU,0,0,,,,,,0,0,,,,,,0
1020000180,96,2,1,1,11:26 PM,9:31,MISS Palmer 3PT Jump Shot,,,,,4,100046,Wendy Palmer,1611661321.0,Detroit,Shock,DET,0,0,,,,,,0,0,,,,,,0
1020000180,97,4,0,1,11:26 PM,9:26,,,Thompson REBOUND (Off:0 Def:7),,,5,100076,Tina Thompson,1611661316.0,Houston,Comets,HOU,0,0,,,,,,0,0,,,,,,0
1020000180,98,2,6,1,11:27 PM,9:12,,,MISS Cooper Driving Layup,,,5,100073,Cynthia Cooper,1611661316.0,Houston,Comets,HOU,0,0,,,,,,0,0,,,,,,0
1020000180,99,4,0,1,11:27 PM,9:09,,,Johnson REBOUND (Off:4 Def:2),,,5,100233,Tiffani Johnson,1611661316.0,Houston,Comets,HOU,0,0,,,,,,0,0,,,,,,0
1020000180,100,2,1,1,11:27 PM,8:57,,,MISS Swoopes 3PT Jump Shot,,,5,100072,Sheryl Swoopes,1611661316.0,Houston,Comets,HOU,0,0,,,,,,0,0,,,,,,0
1020000180,101,4,0,1,11:27 PM,8:55,Brown REBOUND (Off:0 Def:1),,,,,4,100492,Edwina Brown,1611661321.0,Detroit,Shock,DET,0,0,,,,,,0,0,,,,,,0
1020000180,102,2,1,1,11:27 PM,8:47,MISS Brown 9' Jump Shot,,,,,4,100492,Edwina Brown,1611661321.0,Detroit,Shock,DET,0,0,,,,,,0,0,,,,,,0
1020000180,103,4,0,1,11:27 PM,8:45,,,Johnson REBOUND (Off:4 Def:3),,,5,100233,Tiffani Johnson,1611661316.0,Houston,Comets,HOU,0,0,,,,,,0,0,,,,,,0
1020000180,104,2,1,1,11:27 PM,8:35,,,MISS Thompson 3PT Jump Shot,,,5,100076,Tina Thompson,1611661316.0,Houston,Comets,HOU,0,0,,,,,,0,0,,,,,,0
1020000180,105,4,0,1,11:27 PM,8:33,,,Arcain REBOUND (Off:1 Def:0),,,5,100075,Janeth Arcain,1611661316.0,Houston,Comets,HOU,0,0,,,,,,0,0,,,,,,0
1020000180,106,5,2,1,11:27 PM,8:30,,,Arcain Lost Ball Turnover (P2.T5),,,5,100075,Janeth Arcain,1611661316.0,Houston,Comets,HOU,0,0,,,,,,0,0,,,,,,0
1020000180,107,8,0,1,11:28 PM,8:30,SUB: Farris FOR Zakaluzhnaya,,,,,4,100390,Oksana Zakaluzhnaya,1611661321.0,Detroit,Shock,DET,4,100494,Barbara Farris,1611661321.0,Detroit,Shock,DET,0,0,,,,,,0
1020000180,108,2,1,1,11:28 PM,8:20,MISS DeForge 9' Jump Shot,,,,,4,100493,Anna DeForge,1611661321.0,Detroit,Shock,DET,0,0,,,,,,0,0,,,,,,0
1020000180,109,4,0,1,11:28 PM,8:17,,,Johnson REBOUND (Off:4 Def:4),,,5,100233,Tiffani Johnson,1611661316.0,Houston,Comets,HOU,0,0,,,,,,0,0,,,,,,0
1020000180,110,1,5,1,11:28 PM,8:13,,,Cooper Layup (9 PTS) (Johnson 2 AST),26 - 11,-15,5,100073,Cynthia Cooper,1611661316.0,Houston,Comets,HOU,5,100233,Tiffani Johnson,1611661316.0,Houston,Comets,HOU,0,0,,,,,,0
1020000180,112,9,2,1,11:28 PM,8:09,SHOCK Timeout: Short (Full 0 Short 1),,,,,2,1611661321,,,,,,0,0,,,,,,0,0,,,,,,0
1020000180,113,2,5,1,11:29 PM,7:54,MISS Farris Layup,,,,,4,100494,Barbara Farris,1611661321.0,Detroit,Shock,DET,0,0,,,,,,0,0,,,,,,0
1020000180,117,8,0,1,11:30 PM,7:53,SUB: Holmes FOR Canty,,,,,4,100384,Dominique Canty,1611661321.0,Detroit,Shock,DET,4,100351,Joy Holmes,1611661321.0,Detroit,Shock,DET,0,0,,,,,,0
1020000180,119,8,0,1,11:31 PM,7:53,,,SUB: Rizzotti FOR Arcain,,,5,100075,Janeth Arcain,1611661316.0,Houston,Comets,HOU,5,100338,Jennifer Rizzotti,1611661316.0,Houston,Comets,HOU,0,0,,,,,,0
1020000180,120,10,0,1,11:32 PM,7:53,Jump Ball Farris vs. Johnson: Tip to Brown,,,,,4,100494,Barbara Farris,1611661321.0,Detroit,Shock,DET,5,100233,Tiffani Johnson,1611661316.0,Houston,Comets,HOU,4,100492,Edwina Brown,1611661321.0,Detroit,Shock,DET,0
1020000180,121,4,0,1,11:32 PM,7:53,SHOCK Rebound,,,,,2,1611661321,,,,,,0,0,,,,,,0,0,,,,,,0
1020000180,115,9,4,1,11:32 PM,7:51,,Timeout: Official,,,,1,0,,,,,,0,0,,,,,,0,0,,,,,,0
1020000180,122,2,1,1,11:32 PM,7:42,MISS Brown 9' Jump Shot,,,,,4,100492,Edwina Brown,1611661321.0,Detroit,Shock,DET,0,0,,,,,,0,0,,,,,,0
1020000180,123,4,0,1,11:32 PM,7:39,,,Johnson REBOUND (Off:4 Def:5),,,5,100233,Tiffani Johnson,1611661316.0,Houston,Comets,HOU,0,0,,,,,,0,0,,,,,,0
1020000180,124,2,1,1,11:33 PM,7:18,,,MISS Cooper 3PT Jump Shot,,,5,100073,Cynthia Cooper,1611661316.0,Houston,Comets,HOU,0,0,,,,,,0,0,,,,,,0
1020000180,125,4,0,1,11:33 PM,7:16,,,Comets Rebound,,,3,1611661316,,,,,,0,0,,,,,,0,0,,,,,,0
1020000180,126,1,5,1,11:33 PM,7:12,,,Cooper Layup (11 PTS) (Swoopes 2 AST),28 - 11,-17,5,100073,Cynthia Cooper,1611661316.0,Houston,Comets,HOU,5,100072,Sheryl Swoopes,1611661316.0,Houston,Comets,HOU,0,0,,,,,,0
1020000180,127,2,6,1,11:33 PM,7:03,MISS Brown Driving Layup,,,,,4,100492,Edwina Brown,1611661321.0,Detroit,Shock,DET,0,0,,,,,,0,0,,,,,,0
1020000180,128,4,0,1,11:33 PM,7:00,,,Thompson REBOUND (Off:0 Def:8),,,5,100076,Tina Thompson,1611661316.0,Houston,Comets,HOU,0,0,,,,,,0,0,,,,,,0
1020000180,129,2,1,1,11:33 PM,6:53,,,MISS Swoopes 11' Jump Shot,,,5,100072,Sheryl Swoopes,1611661316.0,Houston,Comets,HOU,0,0,,,,,,0,0,,,,,,0
1020000180,130,4,0,1,11:33 PM,6:50,,,Johnson REBOUND (Off:5 Def:5),,,5,100233,Tiffani Johnson,1611661316.0,Houston,Comets,HOU,0,0,,,,,,0,0,,,,,,0
1020000180,131,6,1,1,11:34 PM,6:41,Farris P.FOUL (P2.T3),,,,,4,100494,Barbara Farris,1611661321.0,Detroit,Shock,DET,0,0,,,,,,1,0,,,,,,0
1020000180,132,8,0,1,11:34 PM,6:41,SUB: Canty FOR Brown,,,,,4,100492,Edwina Brown,1611661321.0,Detroit,Shock,DET,4,100384,Dominique Canty,1611661321.0,Detroit,Shock,DET,0,0,,,,,,0
1020000180,133,8,0,1,11:34 PM,6:41,SUB: Ndiaye-Diatta FOR Farris,,,,,4,100494,Barbara Farris,1611661321.0,Detroit,Shock,DET,4,100387,Astou Ndiaye-Diatta,1611661321.0,Detroit,Shock,DET,0,0,,,,,,0
1020000180,134,2,1,1,11:35 PM,6:35,,,MISS Thompson 12' Jump Shot,,,5,100076,Tina Thompson,1611661316.0,Houston,Comets,HOU,0,0,,,,,,0,0,,,,,,0
1020000180,135,4,0,1,11:35 PM,6:33,,,Johnson REBOUND (Off:6 Def:5),,,5,100233,Tiffani Johnson,1611661316.0,Houston,Comets,HOU,0,0,,,,,,0,0,,,,,,0
1020000180,136,1,5,1,11:35 PM,6:31,,,Johnson Layup (6 PTS),30 - 11,-19,5,100233,Tiffani Johnson,1611661316.0,Houston,Comets,HOU,0,0,,,,,,0,0,,,,,,0
1020000180,137,2,1,1,11:35 PM,6:17,MISS Canty 11' Jump Shot,,,,,4,100384,Dominique Canty,1611661321.0,Detroit,Shock,DET,0,0,,,,,,0,0,,,,,,0
1020000180,138,4,0,1,11:35 PM,6:15,,,Thompson REBOUND (Off:0 Def:9),,,5,100076,Tina Thompson,1611661316.0,Houston,Comets,HOU,0,0,,,,,,0,0,,,,,,0
1020000180,139,6,1,1,11:35 PM,5:56,Canty P.FOUL (P1.T4),,,,,4,100384,Dominique Canty,1611661321.0,Detroit,Shock,DET,0,0,,,,,,1,0,,,,,,0
1020000180,140,1,1,1,11:36 PM,5:48,,,Swoopes 15' Jump Shot (8 PTS),32 - 11,-21,5,100072,Sheryl Swoopes,1611661316.0,Houston,Comets,HOU,0,0,,,,,,0,0,,,,,,0
1020000180,141,1,1,1,11:36 PM,5:36,Holmes 3PT Jump Shot (3 PTS) (DeForge 1 AST),,,32 - 14,-18,4,100351,Joy Holmes,1611661321.0,Detroit,Shock,DET,4,100493,Anna DeForge,1611661321.0,Detroit,Shock,DET,0,0,,,,,,0
1020000180,142,1,1,1,11:36 PM,5:27,,,Swoopes 15' Jump Shot (10 PTS),34 - 14,-20,5,100072,Sheryl Swoopes,1611661316.0,Houston,Comets,HOU,0,0,,,,,,0,0,,,,,,0
1020000180,144,2,5,1,11:36 PM,5:12,MISS Canty 2' Layup,,,,,4,100384,Dominique Canty,1611661321.0,Detroit,Shock,DET,0,0,,,,,,0,0,,,,,,0
1020000180,145,4,0,1,11:36 PM,5:08,Ndiaye-Diatta REBOUND (Off:2 Def:3),,,,,4,100387,Astou Ndiaye-Diatta,1611661321.0,Detroit,Shock,DET,0,0,,,,,,0,0,,,,,,0
1020000180,146,1,1,1,11:36 PM,5:04,Ndiaye-Diatta 6' Jump Shot (4 PTS),,,34 - 16,-18,4,100387,Astou Ndiaye-Diatta,1611661321.0,Detroit,Shock,DET,0,0,,,,,,0,0,,,,,,0
1020000180,147,1,5,1,11:37 PM,4:56,,,Cooper 1' Layup (13 PTS) (Thompson 1 AST),36 - 16,-20,5,100073,Cynthia Cooper,1611661316.0,Houston,Comets,HOU,5,100076,Tina Thompson,1611661316.0,Houston,Comets,HOU,0,0,,,,,,0
1020000180,148,6,2,1,11:37 PM,4:33,,,Swoopes S.FOUL (P2.T3),,,5,100072,Sheryl Swoopes,1611661316.0,Houston,Comets,HOU,0,0,,,,,,1,0,,,,,,0
1020000180,149,8,0,1,11:37 PM,4:33,SUB: Neves FOR DeForge,,,,,4,100493,Anna DeForge,1611661321.0,Detroit,Shock,DET,4,100386,Claudia Neves,1611661321.0,Detroit,Shock,DET,0,0,,,,,,0
1020000180,150,8,0,1,11:37 PM,4:33,,,SUB: Arcain FOR Swoopes,,,5,100072,Sheryl Swoopes,1611661316.0,Houston,Comets,HOU,5,100075,Janeth Arcain,1611661316.0,Houston,Comets,HOU,0,0,,,,,,0
1020000180,151,8,0,1,11:37 PM,4:33,,,SUB: Jackson FOR Arcain,,,5,100075,Janeth Arcain,1611661316.0,Houston,Comets,HOU,5,100077,Tammy Jackson,1611661316.0,Houston,Comets,HOU,0,0,,,,,,0
1020000180,152,8,0,1,11:38 PM,4:33,,,SUB: Swoopes FOR Rizzotti,,,5,100338,Jennifer Rizzotti,1611661316.0,Houston,Comets,HOU,5,100072,Sheryl Swoopes,1611661316.0,Houston,Comets,HOU,0,0,,,,,,0
1020000180,153,3,11,1,11:38 PM,4:33,Holmes Free Throw 1 of 2 (4 PTS),,,36 - 17,-19,4,100351,Joy Holmes,1611661321.0,Detroit,Shock,DET,0,0,,,,,,0,0,,,,,,0
1020000180,154,8,0,1,11:38 PM,4:33,,,SUB: Arcain FOR Thompson,,,5,100076,Tina Thompson,1611661316.0,Houston,Comets,HOU,5,100075,Janeth Arcain,1611661316.0,Houston,Comets,HOU,0,0,,,,,,0
1020000180,155,3,12,1,11:38 PM,4:33,Holmes Free Throw 2 of 2 (5 PTS),,,36 - 18,-18,4,100351,Joy Holmes,1611661321.0,Detroit,Shock,DET,0,0,,,,,,0,0,,,,,,0
1020000180,157,6,2,1,11:39 PM,4:25,Holmes S.FOUL (P1.PN),,,,,4,100351,Joy Holmes,1611661321.0,Detroit,Shock,DET,0,0,,,,,,1,0,,,,,,0
1020000180,158,3,11,1,11:39 PM,4:25,,,Cooper Free Throw 1 of 2 (14 PTS),37 - 18,-19,5,100073,Cynthia Cooper,1611661316.0,Houston,Comets,HOU,0,0,,,,,,0,0,,,,,,0
1020000180,160,3,12,1,11:39 PM,4:25,,,Cooper Free Throw 2 of 2 (15 PTS),38 - 18,-20,5,100073,Cynthia Cooper,1611661316.0,Houston,Comets,HOU,0,0,,,,,,0,0,,,,,,0
1020000180,164,2,2,1,11:39 PM,4:25,MISS Canty 5' Running Jump Shot,,,,,4,100384,Dominique Canty,1611661321.0,Detroit,Shock,DET,0,0,,,,,,0,0,,,,,,0
1020000180,162,4,0,1,11:40 PM,4:05,Palmer REBOUND (Off:2 Def:0),,,,,4,100046,Wendy Palmer,1611661321.0,Detroit,Shock,DET,0,0,,,,,,0,0,,,,,,0
1020000180,163,6,1,1,11:40 PM,4:05,,,Arcain P.FOUL (P1.T4),,,5,100075,Janeth Arcain,1611661316.0,Houston,Comets,HOU,0,0,,,,,,1,0,,,,,,0
1020000180,165,2,1,1,11:40 PM,3:52,MISS Ndiaye-Diatta 16' Jump Shot,,,,,4,100387,Astou Ndiaye-Diatta,1611661321.0,Detroit,Shock,DET,0,0,,,,,,0,0,,,,,,0
1020000180,166,4,0,1,11:40 PM,3:48,Palmer REBOUND (Off:3 Def:0),,,,,4,100046,Wendy Palmer,1611661321.0,Detroit,Shock,DET,0,0,,,,,,0,0,,,,,,0
1020000180,167,1,1,1,11:40 PM,3:45,Palmer 9' Jump Shot (2 PTS),,,38 - 20,-18,4,100046,Wendy Palmer,1611661321.0,Detroit,Shock,DET,0,0,,,,,,0,0,,,,,,0
1020000180,169,2,1,1,11:41 PM,3:32,,,MISS Cooper 8' Jump Shot,,,5,100073,Cynthia Cooper,1611661316.0,Houston,Comets,HOU,0,0,,,,,,0,0,,,,,,0
1020000180,170,4,0,1,11:41 PM,3:32,SHOCK Rebound,,,,,2,1611661321,,,,,,0,0,,,,,,0,0,,,,,,0
1020000180,171,6,3,1,11:41 PM,3:32,,,Jackson L.B.FOUL (P1.PN),,,5,100077,Tammy Jackson,1611661316.0,Houston,Comets,HOU,0,0,,,,,,1,0,,,,,,0
1020000180,173,9,4,1,11:41 PM,3:32,,Timeout: Official,,,,1,0,,,,,,0,0,,,,,,0,0,,,,,,0
1020000180,174,8,0,1,11:41 PM,3:32,SUB: Tornikidou FOR Canty,,,,,4,100384,Dominique Canty,1611661321.0,Detroit,Shock,DET,4,100388,Elena Tornikidou,1611661321.0,Detroit,Shock,DET,0,0,,,,,,0
1020000180,176,8,0,1,11:43 PM,3:32,,,SUB: Thompson FOR Johnson,,,5,100233,Tiffani Johnson,1611661316.0,Houston,Comets,HOU,5,100076,Tina Thompson,1611661316.0,Houston,Comets,HOU,0,0,,,,,,0
1020000180,177,1,1,1,11:43 PM,3:20,Ndiaye-Diatta 11' Jump Shot (6 PTS) (Neves 1 AST),,,38 - 22,-16,4,100387,Astou Ndiaye-Diatta,1611661321.0,Detroit,Shock,DET,4,100386,Claudia Neves,1611661321.0,Detroit,Shock,DET,0,0,,,,,,0
1020000180,178,5,4,1,11:44 PM,3:01,,,Swoopes Traveling Turnover (P2.T6),,,5,100072,Sheryl Swoopes,1611661316.0,Houston,Comets,HOU,0,0,,,,,,0,0,,,,,,0
1020000180,179,6,2,1,11:44 PM,2:49,,,Thompson S.FOUL (P2.PN),,,5,100076,Tina Thompson,1611661316.0,Houston,Comets,HOU,0,0,,,,,,1,0,,,,,,0
1020000180,180,3,11,1,11:44 PM,2:49,Neves Free Throw 1 of 2 (1 PTS),,,38 - 23,-15,4,100386,Claudia Neves,1611661321.0,Detroit,Shock,DET,0,0,,,,,,0,0,,,,,,0
1020000180,181,3,12,1,11:45 PM,2:49,Neves Free Throw 2 of 2 (2 PTS),,,38 - 24,-14,4,100386,Claudia Neves,1611661321.0,Detroit,Shock,DET,0,0,,,,,,0,0,,,,,,0
1020000180,182,6,4,1,11:45 PM,2:39,,,Cooper OFF.Foul (P1),,,5,100073,Cynthia Cooper,1611661316.0,Houston,Comets,HOU,4,100386,Claudia Neves,1611661321.0,Detroit,Shock,DET,1,0,,,,,,0
1020000180,183,5,5,1,11:45 PM,2:39,,,Cooper Foul Turnover (P2.T7),,,5,100073,Cynthia Cooper,1611661316.0,Houston,Comets,HOU,0,0,,,,,,0,0,,,,,,0
1020000180,184,2,1,1,11:45 PM,2:26,MISS Tornikidou 6' Jump Shot,,,,,4,100388,Elena Tornikidou,1611661321.0,Detroit,Shock,DET,0,0,,,,,,0,0,,,,,,0
1020000180,185,4,0,1,11:45 PM,2:24,,,Jackson REBOUND (Off:0 Def:1),,,5,100077,Tammy Jackson,1611661316.0,Houston,Comets,HOU,0,0,,,,,,0,0,,,,,,0
1020000180,186,2,1,1,11:46 PM,2:09,,,MISS Thompson 3PT Jump Shot,,,5,100076,Tina Thompson,1611661316.0,Houston,Comets,HOU,0,0,,,,,,0,0,,,,,,0
1020000180,187,4,0,1,11:46 PM,2:07,Palmer REBOUND (Off:3 Def:1),,,,,4,100046,Wendy Palmer,1611661321.0,Detroit,Shock,DET,0,0,,,,,,0,0,,,,,,0
1020000180,188,1,6,1,11:46 PM,2:01,Neves Driving Layup (4 PTS),,,38 - 26,-12,4,100386,Claudia Neves,1611661321.0,Detroit,Shock,DET,0,0,,,,,,0,0,,,,,,0
1020000180,189,9,2,1,11:46 PM,1:58,,,Comets Timeout: Short (Reg.0 Short 1),,,3,1611661316,,,,,,0,0,,,,,,0,0,,,,,,0
1020000180,191,1,3,1,11:47 PM,1:43,,,Cooper 3' Hook Shot (17 PTS) (Jackson 1 AST),40 - 26,-14,5,100073,Cynthia Cooper,1611661316.0,Houston,Comets,HOU,5,100077,Tammy Jackson,1611661316.0,Houston,Comets,HOU,0,0,,,,,,0
1020000180,192,6,1,1,11:47 PM,1:29,,,Swoopes P.FOUL (P3.PN),,,5,100072,Sheryl Swoopes,1611661316.0,Houston,Comets,HOU,0,0,,,,,,1,0,,,,,,0
1020000180,193,5,1,1,11:48 PM,1:14,Palmer Bad Pass Turnover (P1.T7),,Jackson STEAL (1 STL),,,4,100046,Wendy Palmer,1611661321.0,Detroit,Shock,DET,5,100077,Tammy Jackson,1611661316.0,Houston,Comets,HOU,0,0,,,,,,0
1020000180,194,5,1,1,11:48 PM,1:05,,,Cooper Bad Pass Turnover (P3.T8),,,5,100073,Cynthia Cooper,1611661316.0,Houston,Comets,HOU,0,0,,,,,,0,0,,,,,,0
1020000180,195,8,0,1,11:48 PM,1:05,,,SUB: Washington FOR Swoopes,,,5,100072,Sheryl Swoopes,1611661316.0,Houston,Comets,HOU,5,100217,Coquese Washington,1611661316.0,Houston,Comets,HOU,0,0,,,,,,0
1020000180,196,6,1,1,11:48 PM,0:53,,,Thompson P.FOUL (P3.PN),,,5,100076,Tina Thompson,1611661316.0,Houston,Comets,HOU,0,0,,,,,,1,0,,,,,,0
1020000180,197,3,11,1,11:49 PM,0:53,Palmer Free Throw 1 of 2 (3 PTS),,,40 - 27,-13,4,100046,Wendy Palmer,1611661321.0,Detroit,Shock,DET,0,0,,,,,,0,0,,,,,,0
1020000180,198,3,12,1,11:49 PM,0:53,Palmer Free Throw 2 of 2 (4 PTS),,,40 - 28,-12,4,100046,Wendy Palmer,1611661321.0,Detroit,Shock,DET,0,0,,,,,,0,0,,,,,,0
1020000180,199,6,1,1,11:50 PM,0:32,Neves P.FOUL (P1.PN),,,,,4,100386,Claudia Neves,1611661321.0,Detroit,Shock,DET,0,0,,,,,,1,0,,,,,,0
1020000180,200,1,1,1,11:50 PM,0:10,,,Thompson 3PT Jump Shot (5 PTS) (Washington 1 AST),43 - 28,-15,5,100076,Tina Thompson,1611661316.0,Houston,Comets,HOU,5,100217,Coquese Washington,1611661316.0,Houston,Comets,HOU,0,0,,,,,,0
1020000180,201,1,6,1,11:50 PM,0:01,Palmer Driving Layup (6 PTS),,,43 - 30,-13,4,100046,Wendy Palmer,1611661321.0,Detroit,Shock,DET,0,0,,,,,,0,0,,,,,,0
1020000180,203,13,0,1,11:51 PM,0:00,,End of 1st Half (11:51 PM EST),,43 - 30,-13,0,0,,,,,,0,0,,,,,,0,0,,,,,,0
1020000180,204,12,0,2,12:07 AM,20:00,,Start of 2nd Half (12:07 AM EST),,43 - 30,-13,0,0,,,,,,0,0,,,,,,0,0,,,,,,0
1020000180,205,10,0,2,12:07 AM,20:00,Jump Ball Ndiaye-Diatta vs. Johnson: Tip to Neves,,,,,4,100387,Astou Ndiaye-Diatta,1611661321.0,Detroit,Shock,DET,5,100233,Tiffani Johnson,1611661316.0,Houston,Comets,HOU,4,100386,Claudia Neves,1611661321.0,Detroit,Shock,DET,0
1020000180,207,2,5,2,12:08 AM,19:40,MISS Palmer 1' Layup,,,,,4,100046,Wendy Palmer,1611661321.0,Detroit,Shock,DET,0,0,,,,,,0,0,,,,,,0
1020000180,208,4,0,2,12:08 AM,19:37,,,Thompson REBOUND (Off:0 Def:10),,,5,100076,Tina Thompson,1611661316.0,Houston,Comets,HOU,0,0,,,,,,0,0,,,,,,0
1020000180,209,2,1,2,12:08 AM,19:29,,,MISS Swoopes 6' Jump Shot,,,5,100072,Sheryl Swoopes,1611661316.0,Houston,Comets,HOU,0,0,,,,,,0,0,,,,,,0
1020000180,210,4,0,2,12:08 AM,19:25,,,Thompson REBOUND (Off:1 Def:10),,,5,100076,Tina Thompson,1611661316.0,Houston,Comets,HOU,0,0,,,,,,0,0,,,,,,0
1020000180,211,1,1,2,12:08 AM,19:23,,,Thompson 6' Jump Shot (7 PTS),45 - 30,-15,5,100076,Tina Thompson,1611661316.0,Houston,Comets,HOU,0,0,,,,,,0,0,,,,,,0
1020000180,212,2,1,2,12:08 AM,19:04,MISS Tornikidou 12' Jump Shot,,,,,4,100388,Elena Tornikidou,1611661321.0,Detroit,Shock,DET,0,0,,,,,,0,0,,,,,,0
1020000180,213,4,0,2,12:08 AM,19:02,,,Cooper REBOUND (Off:1 Def:1),,,5,100073,Cynthia Cooper,1611661316.0,Houston,Comets,HOU,0,0,,,,,,0,0,,,,,,0
1020000180,214,2,1,2,12:08 AM,18:49,,,MISS Thompson 9' Jump Shot,,,5,100076,Tina Thompson,1611661316.0,Houston,Comets,HOU,0,0,,,,,,0,0,,,,,,0
1020000180,215,4,0,2,12:08 AM,18:47,Tornikidou REBOUND (Off:0 Def:2),,,,,4,100388,Elena Tornikidou,1611661321.0,Detroit,Shock,DET,0,0,,,,,,0,0,,,,,,0
1020000180,216,1,5,2,12:09 AM,18:41,Palmer Layup (8 PTS) (Tornikidou 2 AST),,,45 - 32,-13,4,100046,Wendy Palmer,1611661321.0,Detroit,Shock,DET,4,100388,Elena Tornikidou,1611661321.0,Detroit,Shock,DET,0,0,,,,,,0
1020000180,217,1,6,2,12:09 AM,18:22,,,Arcain Driving Layup (7 PTS),47 - 32,-15,5,100075,Janeth Arcain,1611661316.0,Houston,Comets,HOU,0,0,,,,,,0,0,,,,,,0
1020000180,218,2,1,2,12:09 AM,17:59,MISS Canty 16' Jump Shot,,,,,4,100384,Dominique Canty,1611661321.0,Detroit,Shock,DET,0,0,,,,,,0,0,,,,,,0
1020000180,219,4,0,2,12:09 AM,17:59,,,Comets Rebound,,,3,1611661316,,,,,,0,0,,,,,,0,0,,,,,,0
1020000180,220,5,1,2,12:10 AM,17:44,Tornikidou STEAL (1 STL),,Swoopes Bad Pass Turnover (P3.T9),,,5,100072,Sheryl Swoopes,1611661316.0,Houston,Comets,HOU,4,100388,Elena Tornikidou,1611661321.0,Detroit,Shock,DET,0,0,,,,,,0
1020000180,221,5,1,2,12:10 AM,17:36,Tornikidou Bad Pass Turnover (P2.T8),,Cooper STEAL (1 STL),,,4,100388,Elena Tornikidou,1611661321.0,Detroit,Shock,DET,5,100073,Cynthia Cooper,1611661316.0,Houston,Comets,HOU,0,0,,,,,,0
1020000180,222,2,1,2,12:10 AM,17:27,,,MISS Johnson 10' Jump Shot,,,5,100233,Tiffani Johnson,1611661316.0,Houston,Comets,HOU,0,0,,,,,,0,0,,,,,,0
1020000180,223,4,0,2,12:10 AM,17:26,,,Comets Rebound,,,3,1611661316,,,,,,0,0,,,,,,0,0,,,,,,0
1020000180,225,6,2,2,12:11 AM,17:20,Ndiaye-Diatta S.FOUL (P2.T1),,,,,4,100387,Astou Ndiaye-Diatta,1611661321.0,Detroit,Shock,DET,0,0,,,,,,1,0,,,,,,0
1020000180,226,3,11,2,12:11 AM,17:20,,,MISS Cooper Free Throw 1 of 2,,,5,100073,Cynthia Cooper,1611661316.0,Houston,Comets,HOU,0,0,,,,,,0,0,,,,,,0
1020000180,227,4,1,2,12:11 AM,17:20,,,Comets Rebound,,,3,1611661316,,,,,,0,0,,,,,,0,0,,,,,,0
1020000180,228,3,12,2,12:11 AM,17:20,,,Cooper Free Throw 2 of 2 (18 PTS),48 - 32,-16,5,100073,Cynthia Cooper,1611661316.0,Houston,Comets,HOU,0,0,,,,,,0,0,,,,,,0
1020000180,229,2,1,2,12:11 AM,17:09,MISS Neves 3PT Jump Shot,,,,,4,100386,Claudia Neves,1611661321.0,Detroit,Shock,DET,0,0,,,,,,0,0,,,,,,0
1020000180,230,4,0,2,12:11 AM,17:06,Palmer REBOUND (Off:4 Def:1),,,,,4,100046,Wendy Palmer,1611661321.0,Detroit,Shock,DET,0,0,,,,,,0,0,,,,,,0
1020000180,231,1,6,2,12:12 AM,17:00,Neves Driving Layup (6 PTS),,,48 - 34,-14,4,100386,Claudia Neves,1611661321.0,Detroit,Shock,DET,0,0,,,,,,0,0,,,,,,0
1020000180,232,2,5,2,12:12 AM,16:33,,,MISS Thompson 1' Layup,,,5,100076,Tina Thompson,1611661316.0,Houston,Comets,HOU,0,0,,,,,,0,0,,,,,,0
1020000180,233,4,0,2,12:12 AM,16:33,,,Comets Rebound,,,3,1611661316,,,,,,0,0,,,,,,0,0,,,,,,0
1020000180,234,6,3,2,12:12 AM,16:33,Canty L.B.FOUL (P2.T2),,,,,4,100384,Dominique Canty,1611661321.0,Detroit,Shock,DET,0,0,,,,,,1,0,,,,,,0
1020000180,235,2,5,2,12:12 AM,16:28,,,MISS Johnson Layup,,,5,100233,Tiffani Johnson,1611661316.0,Houston,Comets,HOU,0,0,,,,,,0,0,,,,,,0
1020000180,236,4,0,2,12:12 AM,16:25,Ndiaye-Diatta REBOUND (Off:2 Def:4),,,,,4,100387,Astou Ndiaye-Diatta,1611661321.0,Detroit,Shock,DET,0,0,,,,,,0,0,,,,,,0
1020000180,237,1,1,2,12:13 AM,16:18,Palmer 15' Jump Shot (10 PTS) (Canty 1 AST),,,48 - 36,-12,4,100046,Wendy Palmer,1611661321.0,Detroit,Shock,DET,4,100384,Dominique Canty,1611661321.0,Detroit,Shock,DET,0,0,,,,,,0
1020000180,238,2,1,2,12:13 AM,15:59,,,MISS Swoopes 14' Jump Shot,,,5,100072,Sheryl Swoopes,1611661316.0,Houston,Comets,HOU,0,0,,,,,,0,0,,,,,,0
1020000180,239,4,0,2,12:13 AM,15:56,,,Arcain REBOUND (Off:2 Def:0),,,5,100075,Janeth Arcain,1611661316.0,Houston,Comets,HOU,0,0,,,,,,0,0,,,,,,0
1020000180,240,2,1,2,12:13 AM,15:55,,,MISS Arcain 4' Jump Shot,,,5,100075,Janeth Arcain,1611661316.0,Houston,Comets,HOU,0,0,,,,,,0,0,,,,,,0
1020000180,241,4,0,2,12:13 AM,15:53,Palmer REBOUND (Off:4 Def:2),,,,,4,100046,Wendy Palmer,1611661321.0,Detroit,Shock,DET,0,0,,,,,,0,0,,,,,,0
1020000180,242,2,5,2,12:13 AM,15:50,MISS Canty Layup,,,,,4,100384,Dominique Canty,1611661321.0,Detroit,Shock,DET,0,0,,,,,,0,0,,,,,,0
1020000180,243,4,0,2,12:13 AM,15:48,,,Swoopes REBOUND (Off:0 Def:2),,,5,100072,Sheryl Swoopes,1611661316.0,Houston,Comets,HOU,0,0,,,,,,0,0,,,,,,0
1020000180,244,2,1,2,12:13 AM,15:38,,,MISS Thompson 6' Jump Shot,,,5,100076,Tina Thompson,1611661316.0,Houston,Comets,HOU,0,0,,,,,,0,0,,,,,,0
1020000180,245,4,0,2,12:13 AM,15:36,Palmer REBOUND (Off:4 Def:3),,,,,4,100046,Wendy Palmer,1611661321.0,Detroit,Shock,DET,0,0,,,,,,0,0,,,,,,0
1020000180,246,2,1,2,12:13 AM,15:25,MISS Palmer 5' Jump Shot,,,,,4,100046,Wendy Palmer,1611661321.0,Detroit,Shock,DET,0,0,,,,,,0,0,,,,,,0
1020000180,247,4,0,2,12:13 AM,15:23,,,Arcain REBOUND (Off:2 Def:1),,,5,100075,Janeth Arcain,1611661316.0,Houston,Comets,HOU,0,0,,,,,,0,0,,,,,,0
1020000180,248,1,5,2,12:14 AM,15:19,,,Cooper Layup (20 PTS) (Arcain 2 AST),50 - 36,-14,5,100073,Cynthia Cooper,1611661316.0,Houston,Comets,HOU,5,100075,Janeth Arcain,1611661316.0,Houston,Comets,HOU,0,0,,,,,,0
1020000180,250,2,1,2,12:14 AM,14:59,MISS Tornikidou 12' Jump Shot,,,,,4,100388,Elena Tornikidou,1611661321.0,Detroit,Shock,DET,0,0,,,,,,0,0,,,,,,0
1020000180,251,4,0,2,12:14 AM,14:59,,,Comets Rebound,,,3,1611661316,,,,,,0,0,,,,,,0,0,,,,,,0
1020000180,253,9,4,2,12:14 AM,14:59,,Timeout: Official,,,,1,0,,,,,,0,0,,,,,,0,0,,,,,,0
1020000180,255,2,1,2,12:17 AM,14:46,,,MISS Thompson 3PT Jump Shot,,,5,100076,Tina Thompson,1611661316.0,Houston,Comets,HOU,0,0,,,,,,0,0,,,,,,0
1020000180,256,4,0,2,12:17 AM,14:43,Canty REBOUND (Off:0 Def:1),,,,,4,100384,Dominique Canty,1611661321.0,Detroit,Shock,DET,0,0,,,,,,0,0,,,,,,0
1020000180,257,2,1,2,12:17 AM,14:28,MISS Palmer 5' Jump Shot,,Johnson BLOCK (2 BLK),,,4,100046,Wendy Palmer,1611661321.0,Detroit,Shock,DET,0,0,,,,,,5,100233,Tiffani Johnson,1611661316.0,Houston,Comets,HOU,0
1020000180,258,4,0,2,12:17 AM,14:24,Palmer REBOUND (Off:5 Def:3),,,,,4,100046,Wendy Palmer,1611661321.0,Detroit,Shock,DET,0,0,,,,,,0,0,,,,,,0
1020000180,259,1,5,2,12:17 AM,14:22,Palmer Layup (12 PTS),,,50 - 38,-12,4,100046,Wendy Palmer,1611661321.0,Detroit,Shock,DET,0,0,,,,,,0,0,,,,,,0
1020000180,260,5,1,2,12:18 AM,14:07,,,Swoopes Bad Pass Turnover (P4.T10),,,5,100072,Sheryl Swoopes,1611661316.0,Houston,Comets,HOU,0,0,,,,,,0,0,,,,,,0
1020000180,261,2,1,2,12:18 AM,13:53,MISS Palmer 3' Jump Shot,,,,,4,100046,Wendy Palmer,1611661321.0,Detroit,Shock,DET,0,0,,,,,,0,0,,,,,,0
1020000180,262,4,0,2,12:18 AM,13:51,,,Swoopes REBOUND (Off:0 Def:3),,,5,100072,Sheryl Swoopes,1611661316.0,Houston,Comets,HOU,0,0,,,,,,0,0,,,,,,0
1020000180,263,5,1,2,12:18 AM,13:45,Neves STEAL (2 STL),,Swoopes Bad Pass Turnover (P5.T11),,,5,100072,Sheryl Swoopes,1611661316.0,Houston,Comets,HOU,4,100386,Claudia Neves,1611661321.0,Detroit,Shock,DET,0,0,,,,,,0
1020000180,264,1,5,2,12:18 AM,13:40,Canty 1' Layup (6 PTS) (Neves 2 AST),,,50 - 40,-10,4,100384,Dominique Canty,1611661321.0,Detroit,Shock,DET,4,100386,Claudia Neves,1611661321.0,Detroit,Shock,DET,0,0,,,,,,0
1020000180,265,1,1,2,12:19 AM,13:15,,,Cooper 3PT Jump Shot (23 PTS),53 - 40,-13,5,100073,Cynthia Cooper,1611661316.0,Houston,Comets,HOU,0,0,,,,,,0,0,,,,,,0
1020000180,266,2,1,2,12:19 AM,12:59,MISS Ndiaye-Diatta 18' Jump Shot,,,,,4,100387,Astou Ndiaye-Diatta,1611661321.0,Detroit,Shock,DET,0,0,,,,,,0,0,,,,,,0
1020000180,267,4,0,2,12:19 AM,12:57,,,Swoopes REBOUND (Off:0 Def:4),,,5,100072,Sheryl Swoopes,1611661316.0,Houston,Comets,HOU,0,0,,,,,,0,0,,,,,,0
1020000180,268,6,4,2,12:19 AM,12:54,,,Thompson OFF.Foul (P4),,,5,100076,Tina Thompson,1611661316.0,Houston,Comets,HOU,4,100387,Astou Ndiaye-Diatta,1611661321.0,Detroit,Shock,DET,1,0,,,,,,0
1020000180,269,5,5,2,12:19 AM,12:54,,,Thompson Foul Turnover (P1.T12),,,5,100076,Tina Thompson,1611661316.0,Houston,Comets,HOU,0,0,,,,,,0,0,,,,,,0
1020000180,270,8,0,2,12:19 AM,12:54,,,SUB: Rizzotti FOR Arcain,,,5,100075,Janeth Arcain,1611661316.0,Houston,Comets,HOU,5,100338,Jennifer Rizzotti,1611661316.0,Houston,Comets,HOU,0,0,,,,,,0
1020000180,271,5,1,2,12:20 AM,12:39,Tornikidou Bad Pass Turnover (P3.T9),,Thompson STEAL (2 STL),,,4,100388,Elena Tornikidou,1611661321.0,Detroit,Shock,DET,5,100076,Tina Thompson,1611661316.0,Houston,Comets,HOU,0,0,,,,,,0
1020000180,272,2,5,2,12:20 AM,12:32,,,MISS Johnson Layup,,,5,100233,Tiffani Johnson,1611661316.0,Houston,Comets,HOU,0,0,,,,,,0,0,,,,,,0
1020000180,273,4,0,2,12:20 AM,12:31,,,Swoopes REBOUND (Off:1 Def:4),,,5,100072,Sheryl Swoopes,1611661316.0,Houston,Comets,HOU,0,0,,,,,,0,0,,,,,,0
1020000180,274,6,2,2,12:20 AM,12:31,Canty S.FOUL (P3.T3),,,,,4,100384,Dominique Canty,1611661321.0,Detroit,Shock,DET,0,0,,,,,,1,0,,,,,,0
1020000180,275,8,0,2,12:20 AM,12:31,,,SUB: Jackson FOR Johnson,,,5,100233,Tiffani Johnson,1611661316.0,Houston,Comets,HOU,5,100077,Tammy Jackson,1611661316.0,Houston,Comets,HOU,0,0,,,,,,0
1020000180,276,3,11,2,12:20 AM,12:31,,,Swoopes Free Throw 1 of 2 (11 PTS),54 - 40,-14,5,100072,Sheryl Swoopes,1611661316.0,Houston,Comets,HOU,0,0,,,,,,0,0,,,,,,0
1020000180,277,8,0,2,12:20 AM,12:31,SUB: Brown FOR Tornikidou,,,,,4,100388,Elena Tornikidou,1611661321.0,Detroit,Shock,DET,4,100492,Edwina Brown,1611661321.0,Detroit,Shock,DET,0,0,,,,,,0
1020000180,278,3,12,2,12:21 AM,12:31,,,Swoopes Free Throw 2 of 2 (12 PTS),55 - 40,-15,5,100072,Sheryl Swoopes,1611661316.0,Houston,Comets,HOU,0,0,,,,,,0,0,,,,,,0
1020000180,279,5,1,2,12:21 AM,12:14,Brown Bad Pass Turnover (P1.T10),,,,,4,100492,Edwina Brown,1611661321.0,Detroit,Shock,DET,0,0,,,,,,0,0,,,,,,0
1020000180,280,8,0,2,12:21 AM,12:14,SUB: Holmes FOR Canty,,,,,4,100384,Dominique Canty,1611661321.0,Detroit,Shock,DET,4,100351,Joy Holmes,1611661321.0,Detroit,Shock,DET,0,0,,,,,,0
1020000180,281,5,1,2,12:22 AM,11:55,,,Cooper Bad Pass Turnover (P4.T13),,,5,100073,Cynthia Cooper,1611661316.0,Houston,Comets,HOU,0,0,,,,,,0,0,,,,,,0
1020000180,282,9,4,2,12:22 AM,11:55,,Timeout: Official,,,,1,0,,,,,,0,0,,,,,,0,0,,,,,,0
1020000180,284,2,1,2,12:24 AM,11:38,MISS Brown 7' Jump Shot,,,,,4,100492,Edwina Brown,1611661321.0,Detroit,Shock,DET,0,0,,,,,,0,0,,,,,,0
1020000180,285,4,0,2,12:24 AM,11:36,Ndiaye-Diatta REBOUND (Off:3 Def:4),,,,,4,100387,Astou Ndiaye-Diatta,1611661321.0,Detroit,Shock,DET,0,0,,,,,,0,0,,,,,,0
1020000180,286,1,5,2,12:24 AM,11:33,Ndiaye-Diatta Layup (8 PTS),,,55 - 42,-13,4,100387,Astou Ndiaye-Diatta,1611661321.0,Detroit,Shock,DET,0,0,,,,,,0,0,,,,,,0
1020000180,287,5,1,2,12:25 AM,11:16,Holmes STEAL (1 STL),,Thompson Bad Pass Turnover (P2.T14),,,5,100076,Tina Thompson,1611661316.0,Houston,Comets,HOU,4,100351,Joy Holmes,1611661321.0,Detroit,Shock,DET,0,0,,,,,,0
1020000180,288,1,5,2,12:25 AM,11:10,Holmes Layup (7 PTS),,,55 - 44,-11,4,100351,Joy Holmes,1611661321.0,Detroit,Shock,DET,0,0,,,,,,0,0,,,,,,0
1020000180,289,1,1,2,12:25 AM,10:52,,,Swoopes 3PT Jump Shot (15 PTS) (Rizzotti 1 AST),58 - 44,-14,5,100072,Sheryl Swoopes,1611661316.0,Houston,Comets,HOU,5,100338,Jennifer Rizzotti,1611661316.0,Houston,Comets,HOU,0,0,,,,,,0
1020000180,290,1,1,2,12:25 AM,10:37,Palmer 3PT Jump Shot (15 PTS) (Brown 1 AST),,,58 - 47,-11,4,100046,Wendy Palmer,1611661321.0,Detroit,Shock,DET,4,100492,Edwina Brown,1611661321.0,Detroit,Shock,DET,0,0,,,,,,0
1020000180,291,1,6,2,12:26 AM,10:14,,,Cooper Driving Layup (25 PTS),60 - 47,-13,5,100073,Cynthia Cooper,1611661316.0,Houston,Comets,HOU,0,0,,,,,,0,0,,,,,,0
1020000180,292,1,6,2,12:26 AM,10:02,Brown Driving Layup (2 PTS),,,60 - 49,-11,4,100492,Edwina Brown,1611661321.0,Detroit,Shock,DET,0,0,,,,,,0,0,,,,,,0
1020000180,293,5,1,2,12:26 AM,9:47,Neves STEAL (3 STL),,Rizzotti Bad Pass Turnover (P1.T15),,,5,100338,Jennifer Rizzotti,1611661316.0,Houston,Comets,HOU,4,100386,Claudia Neves,1611661321.0,Detroit,Shock,DET,0,0,,,,,,0
1020000180,294,1,6,2,12:26 AM,9:42,Neves Driving Layup (8 PTS),,,60 - 51,-9,4,100386,Claudia Neves,1611661321.0,Detroit,Shock,DET,0,0,,,,,,0,0,,,,,,0
1020000180,295,9,2,2,12:27 AM,9:33,,,Comets Timeout: Short (Reg.0 Short 2),,,3,1611661316,,,,,,0,0,,,,,,0,0,,,,,,0
1020000180,297,8,0,2,12:27 AM,9:33,,,SUB: Arcain FOR Cooper,,,5,100073,Cynthia Cooper,1611661316.0,Houston,Comets,HOU,5,100075,Janeth Arcain,1611661316.0,Houston,Comets,HOU,0,0,,,,,,0
1020000180,298,2,1,2,12:28 AM,9:22,,,MISS Swoopes 13' Jump Shot,,,5,100072,Sheryl Swoopes,1611661316.0,Houston,Comets,HOU,0,0,,,,,,0,0,,,,,,0
1020000180,299,4,0,2,12:28 AM,9:20,Ndiaye-Diatta REBOUND (Off:3 Def:5),,,,,4,100387,Astou Ndiaye-Diatta,1611661321.0,Detroit,Shock,DET,0,0,,,,,,0,0,,,,,,0
1020000180,300,2,1,2,12:28 AM,9:09,MISS Ndiaye-Diatta 18' Jump Shot,,,,,4,100387,Astou Ndiaye-Diatta,1611661321.0,Detroit,Shock,DET,0,0,,,,,,0,0,,,,,,0
1020000180,301,4,0,2,12:28 AM,9:07,,,Swoopes REBOUND (Off:1 Def:5),,,5,100072,Sheryl Swoopes,1611661316.0,Houston,Comets,HOU,0,0,,,,,,0,0,,,,,,0
1020000180,302,1,6,2,12:28 AM,9:02,,,Swoopes Driving Layup (17 PTS),62 - 51,-11,5,100072,Sheryl Swoopes,1611661316.0,Houston,Comets,HOU,0,0,,,,,,0,0,,,,,,0
1020000180,303,2,1,2,12:28 AM,8:40,MISS Neves 15' Jump Shot,,,,,4,100386,Claudia Neves,1611661321.0,Detroit,Shock,DET,0,0,,,,,,0,0,,,,,,0
1020000180,304,4,0,2,12:28 AM,8:38,,,Arcain REBOUND (Off:2 Def:2),,,5,100075,Janeth Arcain,1611661316.0,Houston,Comets,HOU,0,0,,,,,,0,0,,,,,,0
1020000180,305,5,2,2,12:29 AM,8:32,Brown STEAL (1 STL),,Arcain Lost Ball Turnover (P3.T16),,,5,100075,Janeth Arcain,1611661316.0,Houston,Comets,HOU,4,100492,Edwina Brown,1611661321.0,Detroit,Shock,DET,0,0,,,,,,0
1020000180,306,1,5,2,12:29 AM,8:27,Holmes Layup (9 PTS) (Brown 2 AST),,,62 - 53,-9,4,100351,Joy Holmes,1611661321.0,Detroit,Shock,DET,4,100492,Edwina Brown,1611661321.0,Detroit,Shock,DET,0,0,,,,,,0
1020000180,307,1,6,2,12:29 AM,8:00,,,Arcain Driving Layup (9 PTS),64 - 53,-11,5,100075,Janeth Arcain,1611661316.0,Houston,Comets,HOU,0,0,,,,,,0,0,,,,,,0
1020000180,309,6,1,2,12:30 AM,7:35,,,Arcain P.FOUL (P2.T1),,,5,100075,Janeth Arcain,1611661316.0,Houston,Comets,HOU,0,0,,,,,,1,0,,,,,,0
1020000180,311,9,4,2,12:30 AM,7:35,,Timeout: Official,,,,1,0,,,,,,0,0,,,,,,0,0,,,,,,0
1020000180,312,8,0,2,12:32 AM,7:35,,,SUB: Cooper FOR Swoopes,,,5,100072,Sheryl Swoopes,1611661316.0,Houston,Comets,HOU,5,100073,Cynthia Cooper,1611661316.0,Houston,Comets,HOU,0,0,,,,,,0
1020000180,313,8,0,2,12:32 AM,7:35,SUB: DeForge FOR Neves,,,,,4,100386,Claudia Neves,1611661321.0,Detroit,Shock,DET,4,100493,Anna DeForge,1611661321.0,Detroit,Shock,DET,0,0,,,,,,0
1020000180,314,8,0,2,12:32 AM,7:35,,,SUB: Johnson FOR Thompson,,,5,100076,Tina Thompson,1611661316.0,Houston,Comets,HOU,5,100233,Tiffani Johnson,1611661316.0,Houston,Comets,HOU,0,0,,,,,,0
1020000180,315,2,1,2,12:33 AM,7:25,MISS Palmer 7' Jump Shot,,,,,4,100046,Wendy Palmer,1611661321.0,Detroit,Shock,DET,0,0,,,,,,0,0,,,,,,0
1020000180,316,4,0,2,12:33 AM,7:21,,,Johnson REBOUND (Off:6 Def:6),,,5,100233,Tiffani Johnson,1611661316.0,Houston,Comets,HOU,0,0,,,,,,0,0,,,,,,0
1020000180,317,2,1,2,12:33 AM,7:06,,,MISS Arcain 3PT Jump Shot,,,5,100075,Janeth Arcain,1611661316.0,Houston,Comets,HOU,0,0,,,,,,0,0,,,,,,0
1020000180,318,4,0,2,12:33 AM,7:02,,,Johnson REBOUND (Off:7 Def:6),,,5,100233,Tiffani Johnson,1611661316.0,Houston,Comets,HOU,0,0,,,,,,0,0,,,,,,0
1020000180,319,2,1,2,12:33 AM,6:57,,,MISS Cooper 3PT Jump Shot,,,5,100073,Cynthia Cooper,1611661316.0,Houston,Comets,HOU,0,0,,,,,,0,0,,,,,,0
1020000180,320,4,0,2,12:33 AM,6:54,Palmer REBOUND (Off:5 Def:4),,,,,4,100046,Wendy Palmer,1611661321.0,Detroit,Shock,DET,0,0,,,,,,0,0,,,,,,0
1020000180,321,2,1,2,12:33 AM,6:40,MISS Holmes 3PT Jump Shot,,,,,4,100351,Joy Holmes,1611661321.0,Detroit,Shock,DET,0,0,,,,,,0,0,,,,,,0
1020000180,322,4,0,2,12:33 AM,6:39,SHOCK Rebound,,,,,2,1611661321,,,,,,0,0,,,,,,0,0,,,,,,0
1020000180,323,6,3,2,12:33 AM,6:39,,,Arcain L.B.FOUL (P3.T2),,,5,100075,Janeth Arcain,1611661316.0,Houston,Comets,HOU,0,0,,,,,,1,0,,,,,,0
1020000180,324,8,0,2,12:34 AM,6:39,,,SUB: Swoopes FOR Rizzotti,,,5,100338,Jennifer Rizzotti,1611661316.0,Houston,Comets,HOU,5,100072,Sheryl Swoopes,1611661316.0,Houston,Comets,HOU,0,0,,,,,,0
1020000180,325,6,1,2,12:34 AM,6:32,,,Arcain P.FOUL (P4.T3),,,5,100075,Janeth Arcain,1611661316.0,Houston,Comets,HOU,0,0,,,,,,1,0,,,,,,0
1020000180,326,2,1,2,12:34 AM,6:20,MISS Palmer 3PT Jump Shot,,,,,4,100046,Wendy Palmer,1611661321.0,Detroit,Shock,DET,0,0,,,,,,0,0,,,,,,0
1020000180,327,4,0,2,12:35 AM,6:17,,,Arcain REBOUND (Off:2 Def:3),,,5,100075,Janeth Arcain,1611661316.0,Houston,Comets,HOU,0,0,,,,,,0,0,,,,,,0
1020000180,328,6,1,2,12:35 AM,6:13,Holmes P.FOUL (P2.T4),,,,,4,100351,Joy Holmes,1611661321.0,Detroit,Shock,DET,0,0,,,,,,1,0,,,,,,0
1020000180,329,8,0,2,12:35 AM,6:13,,,SUB: Thompson FOR Jackson,,,5,100077,Tammy Jackson,1611661316.0,Houston,Comets,HOU,5,100076,Tina Thompson,1611661316.0,Houston,Comets,HOU,0,0,,,,,,0
1020000180,330,2,1,2,12:35 AM,5:59,,,MISS Arcain 14' Jump Shot,,,5,100075,Janeth Arcain,1611661316.0,Houston,Comets,HOU,0,0,,,,,,0,0,,,,,,0
1020000180,331,4,0,2,12:35 AM,5:56,Palmer REBOUND (Off:5 Def:5),,,,,4,100046,Wendy Palmer,1611661321.0,Detroit,Shock,DET,0,0,,,,,,0,0,,,,,,0
1020000180,332,1,1,2,12:36 AM,5:47,Holmes 12' Jump Shot (11 PTS) (Palmer 1 AST),,,64 - 55,-9,4,100351,Joy Holmes,1611661321.0,Detroit,Shock,DET,4,100046,Wendy Palmer,1611661321.0,Detroit,Shock,DET,0,0,,,,,,0
1020000180,333,2,6,2,12:36 AM,5:20,,,MISS Cooper Driving Layup,,,5,100073,Cynthia Cooper,1611661316.0,Houston,Comets,HOU,0,0,,,,,,0,0,,,,,,0
1020000180,334,4,0,2,12:36 AM,5:18,DeForge REBOUND (Off:0 Def:2),,,,,4,100493,Anna DeForge,1611661321.0,Detroit,Shock,DET,0,0,,,,,,0,0,,,,,,0
1020000180,335,6,2,2,12:36 AM,5:13,,,Johnson S.FOUL (P3.T4),,,5,100233,Tiffani Johnson,1611661316.0,Houston,Comets,HOU,0,0,,,,,,1,0,,,,,,0
1020000180,336,3,11,2,12:36 AM,5:13,Palmer Free Throw 1 of 2 (16 PTS),,,64 - 56,-8,4,100046,Wendy Palmer,1611661321.0,Detroit,Shock,DET,0,0,,,,,,0,0,,,,,,0
1020000180,337,3,12,2,12:37 AM,5:13,MISS Palmer Free Throw 2 of 2,,,,,4,100046,Wendy Palmer,1611661321.0,Detroit,Shock,DET,0,0,,,,,,0,0,,,,,,0
1020000180,338,4,0,2,12:37 AM,5:12,,,Thompson REBOUND (Off:1 Def:11),,,5,100076,Tina Thompson,1611661316.0,Houston,Comets,HOU,0,0,,,,,,0,0,,,,,,0
1020000180,339,2,1,2,12:37 AM,4:49,,,MISS Swoopes 13' Jump Shot,,,5,100072,Sheryl Swoopes,1611661316.0,Houston,Comets,HOU,0,0,,,,,,0,0,,,,,,0
1020000180,340,4,0,2,12:37 AM,4:46,Palmer REBOUND (Off:5 Def:6),,,,,4,100046,Wendy Palmer,1611661321.0,Detroit,Shock,DET,0,0,,,,,,0,0,,,,,,0
1020000180,341,1,6,2,12:37 AM,4:39,DeForge Driving Layup (4 PTS) (Brown 3 AST),,,64 - 58,-6,4,100493,Anna DeForge,1611661321.0,Detroit,Shock,DET,4,100492,Edwina Brown,1611661321.0,Detroit,Shock,DET,0,0,,,,,,0
1020000180,343,1,1,2,12:38 AM,4:14,,,Swoopes 10' Jump Shot (19 PTS),66 - 58,-8,5,100072,Sheryl Swoopes,1611661316.0,Houston,Comets,HOU,0,0,,,,,,0,0,,,,,,0
1020000180,344,2,3,2,12:38 AM,3:46,MISS Ndiaye-Diatta 9' Hook Shot,,,,,4,100387,Astou Ndiaye-Diatta,1611661321.0,Detroit,Shock,DET,0,0,,,,,,0,0,,,,,,0
1020000180,345,4,0,2,12:38 AM,3:45,,,Arcain REBOUND (Off:2 Def:4),,,5,100075,Janeth Arcain,1611661316.0,Houston,Comets,HOU,0,0,,,,,,0,0,,,,,,0
1020000180,346,2,1,2,12:39 AM,3:19,Holmes BLOCK (1 BLK),,MISS Cooper 6' Jump Shot,,,5,100073,Cynthia Cooper,1611661316.0,Houston,Comets,HOU,0,0,,,,,,4,100351,Joy Holmes,1611661321.0,Detroit,Shock,DET,0
1020000180,347,4,0,2,12:39 AM,3:15,Ndiaye-Diatta REBOUND (Off:3 Def:6),,,,,4,100387,Astou Ndiaye-Diatta,1611661321.0,Detroit,Shock,DET,0,0,,,,,,0,0,,,,,,0
1020000180,349,9,4,2,12:39 AM,3:14,,Timeout: Official,,,,1,0,,,,,,0,0,,,,,,0,0,,,,,,0
1020000180,350,10,0,2,12:42 AM,3:14,Jump Ball Palmer vs. Thompson: Tip to Palmer,,,,,4,100046,Wendy Palmer,1611661321.0,Detroit,Shock,DET,5,100076,Tina Thompson,1611661316.0,Houston,Comets,HOU,4,100046,Wendy Palmer,1611661321.0,Detroit,Shock,DET,0
1020000180,351,1,6,2,12:42 AM,2:58,Brown Driving Layup (4 PTS),,,66 - 60,-6,4,100492,Edwina Brown,1611661321.0,Detroit,Shock,DET,0,0,,,,,,0,0,,,,,,0
1020000180,352,1,1,2,12:43 AM,2:28,,,Thompson 15' Jump Shot (9 PTS),68 - 60,-8,5,100076,Tina Thompson,1611661316.0,Houston,Comets,HOU,0,0,,,,,,0,0,,,,,,0
1020000180,353,2,1,2,12:43 AM,2:09,MISS Ndiaye-Diatta 5' Jump Shot,,,,,4,100387,Astou Ndiaye-Diatta,1611661321.0,Detroit,Shock,DET,0,0,,,,,,0,0,,,,,,0
1020000180,354,4,0,2,12:43 AM,2:07,Palmer REBOUND (Off:6 Def:6),,,,,4,100046,Wendy Palmer,1611661321.0,Detroit,Shock,DET,0,0,,,,,,0,0,,,,,,0
1020000180,355,1,1,2,12:43 AM,2:03,DeForge 3PT Jump Shot (7 PTS) (Palmer 2 AST),,,68 - 63,-5,4,100493,Anna DeForge,1611661321.0,Detroit,Shock,DET,4,100046,Wendy Palmer,1611661321.0,Detroit,Shock,DET,0,0,,,,,,0
1020000180,356,2,1,2,12:43 AM,1:43,,,MISS Swoopes 7' Jump Shot,,,5,100072,Sheryl Swoopes,1611661316.0,Houston,Comets,HOU,0,0,,,,,,0,0,,,,,,0
1020000180,357,4,0,2,12:44 AM,1:40,,,Johnson REBOUND (Off:8 Def:6),,,5,100233,Tiffani Johnson,1611661316.0,Houston,Comets,HOU,0,0,,,,,,0,0,,,,,,0
1020000180,358,2,1,2,12:44 AM,1:39,,,MISS Arcain 9' Jump Shot,,,5,100075,Janeth Arcain,1611661316.0,Houston,Comets,HOU,0,0,,,,,,0,0,,,,,,0
1020000180,359,4,0,2,12:44 AM,1:35,Holmes REBOUND (Off:0 Def:1),,,,,4,100351,Joy Holmes,1611661321.0,Detroit,Shock,DET,0,0,,,,,,0,0,,,,,,0
1020000180,360,6,2,2,12:44 AM,1:33,,,Johnson S.FOUL (P4.PN),,,5,100233,Tiffani Johnson,1611661316.0,Houston,Comets,HOU,0,0,,,,,,1,0,,,,,,0
1020000180,361,3,11,2,12:44 AM,1:33,Brown Free Throw 1 of 2 (5 PTS),,,68 - 64,-4,4,100492,Edwina Brown,1611661321.0,Detroit,Shock,DET,0,0,,,,,,0,0,,,,,,0
1020000180,363,3,12,2,12:44 AM,1:33,Brown Free Throw 2 of 2 (6 PTS),,,68 - 65,-3,4,100492,Edwina Brown,1611661321.0,Detroit,Shock,DET,0,0,,,,,,0,0,,,,,,0
1020000180,364,2,1,2,12:45 AM,1:10,,,MISS Thompson 12' Jump Shot,,,5,100076,Tina Thompson,1611661316.0,Houston,Comets,HOU,0,0,,,,,,0,0,,,,,,0
1020000180,365,4,0,2,12:45 AM,1:08,Holmes REBOUND (Off:0 Def:2),,,,,4,100351,Joy Holmes,1611661321.0,Detroit,Shock,DET,0,0,,,,,,0,0,,,,,,0
1020000180,366,2,1,2,12:45 AM,0:56,MISS Brown 12' Jump Shot,,Swoopes BLOCK (1 BLK),,,4,100492,Edwina Brown,1611661321.0,Detroit,Shock,DET,0,0,,,,,,5,100072,Sheryl Swoopes,1611661316.0,Houston,Comets,HOU,0
1020000180,367,4,0,2,12:45 AM,0:53,,,Arcain REBOUND (Off:2 Def:5),,,5,100075,Janeth Arcain,1611661316.0,Houston,Comets,HOU,0,0,,,,,,0,0,,,,,,0
1020000180,368,6,1,2,12:45 AM,0:40,Holmes P.FOUL (P3.PN),,,,,4,100351,Joy Holmes,1611661321.0,Detroit,Shock,DET,0,0,,,,,,1,0,,,,,,0
1020000180,369,9,2,2,12:46 AM,0:40,SHOCK Timeout: Short (Full 0 Short 2),,,,,2,1611661321,,,,,,0,0,,,,,,0,0,,,,,,0
1020000180,370,2,1,2,12:47 AM,0:16,Holmes BLOCK (2 BLK),,MISS Arcain 11' Jump Shot,,,5,100075,Janeth Arcain,1611661316.0,Houston,Comets,HOU,0,0,,,,,,4,100351,Joy Holmes,1611661321.0,Detroit,Shock,DET,0
1020000180,371,4,0,2,12:47 AM,0:14,Ndiaye-Diatta REBOUND (Off:3 Def:7),,,,,4,100387,Astou Ndiaye-Diatta,1611661321.0,Detroit,Shock,DET,0,0,,,,,,0,0,,,,,,0
1020000180,373,9,1,2,12:49 AM,0:14,SHOCK Timeout: Regular (Full 1 Short 2),,,,,2,1611661321,,,,,,0,0,,,,,,0,0,,,,,,0
1020000180,374,8,0,2,12:50 AM,0:14,SUB: Neves FOR Ndiaye-Diatta,,,,,4,100387,Astou Ndiaye-Diatta,1611661321.0,Detroit,Shock,DET,4,100386,Claudia Neves,1611661321.0,Detroit,Shock,DET,0,0,,,,,,0
1020000180,375,9,2,2,12:50 AM,0:14,,,Comets Timeout: Short (Reg.0 Short 3),,,3,1611661316,,,,,,0,0,,,,,,0,0,,,,,,0
1020000180,376,8,0,2,12:51 AM,0:14,,,SUB: Rizzotti FOR Johnson,,,5,100233,Tiffani Johnson,1611661316.0,Houston,Comets,HOU,5,100338,Jennifer Rizzotti,1611661316.0,Houston,Comets,HOU,0,0,,,,,,0
1020000180,377,1,1,2,12:52 AM,0:09,DeForge 3PT Jump Shot (10 PTS) (Holmes 1 AST),,,68 - 68,TIE,4,100493,Anna DeForge,1611661321.0,Detroit,Shock,DET,4,100351,Joy Holmes,1611661321.0,Detroit,Shock,DET,0,0,,,,,,0
1020000180,378,9,1,2,12:52 AM,0:08,,,Comets Timeout: Regular (Reg.1 Short 3),,,3,1611661316,,,,,,0,0,,,,,,0,0,,,,,,0
1020000180,379,8,0,2,12:52 AM,0:08,SUB: Ndiaye-Diatta FOR DeForge,,,,,4,100493,Anna DeForge,1611661321.0,Detroit,Shock,DET,4,100387,Astou Ndiaye-Diatta,1611661321.0,Detroit,Shock,DET,0,0,,,,,,0
1020000180,380,8,0,2,12:53 AM,0:08,SUB: Canty FOR Holmes,,,,,4,100351,Joy Holmes,1611661321.0,Detroit,Shock,DET,4,100384,Dominique Canty,1611661321.0,Detroit,Shock,DET,0,0,,,,,,0
1020000180,382,8,0,2,12:55 AM,0:08,,,SUB: Johnson FOR Rizzotti,,,5,100338,Jennifer Rizzotti,1611661316.0,Houston,Comets,HOU,5,100233,Tiffani Johnson,1611661316.0,Houston,Comets,HOU,0,0,,,,,,0
1020000180,383,5,2,2,12:55 AM,0:02,Ndiaye-Diatta STEAL (1 STL),,Swoopes Lost Ball Turnover (P6.T17),,,5,100072,Sheryl Swoopes,1611661316.0,Houston,Comets,HOU,4,100387,Astou Ndiaye-Diatta,1611661321.0,Detroit,Shock,DET,0,0,,,,,,0
1020000180,384,2,1,2,12:55 AM,0:00,MISS Canty 24' 3PT Jump Shot,,,,,4,100384,Dominique Canty,1611661321.0,Detroit,Shock,DET,0,0,,,,,,0,0,,,,,,0
1020000180,386,4,0,2,12:56 AM,0:00,SHOCK Rebound,,,,,2,1611661321,,,,,,0,0,,,,,,0,0,,,,,,0
1020000180,385,13,0,2,12:56 AM,0:00,,End of 2nd Half (12:56 AM EST),,68 - 68,TIE,0,0,,,,,,0,0,,,,,,0,0,,,,,,0
1020000180,410,12,0,3,12:56 AM,5:00,,Start of 1st OT (12:56 AM EST),,68 - 68,TIE,0,0,,,,,,0,0,,,,,,0,0,,,,,,0
1020000180,388,10,0,3,12:56 AM,5:00,Jump Ball Ndiaye-Diatta vs. Johnson: Tip to Johnson,,,,,4,100387,Astou Ndiaye-Diatta,1611661321.0,Detroit,Shock,DET,5,100233,Tiffani Johnson,1611661316.0,Houston,Comets,HOU,5,100233,Tiffani Johnson,1611661316.0,Houston,Comets,HOU,0
1020000180,390,2,1,3,12:58 AM,4:42,,,MISS Swoopes 16' Jump Shot,,,5,100072,Sheryl Swoopes,1611661316.0,Houston,Comets,HOU,0,0,,,,,,0,0,,,,,,0
1020000180,391,4,0,3,12:58 AM,4:42,,,Johnson REBOUND (Off:9 Def:6),,,5,100233,Tiffani Johnson,1611661316.0,Houston,Comets,HOU,0,0,,,,,,0,0,,,,,,0
1020000180,392,6,2,3,12:58 AM,4:42,Holmes S.FOUL (P4.T1),,,,,4,100351,Joy Holmes,1611661321.0,Detroit,Shock,DET,0,0,,,,,,1,0,,,,,,0
1020000180,394,3,11,3,12:59 AM,4:42,,,Johnson Free Throw 1 of 2 (7 PTS),69 - 68,-1,5,100233,Tiffani Johnson,1611661316.0,Houston,Comets,HOU,0,0,,,,,,0,0,,,,,,0
1020000180,395,3,12,3,12:59 AM,4:42,,,Johnson Free Throw 2 of 2 (8 PTS),70 - 68,-2,5,100233,Tiffani Johnson,1611661316.0,Houston,Comets,HOU,0,0,,,,,,0,0,,,,,,0
1020000180,396,2,1,3,12:59 AM,4:29,MISS Ndiaye-Diatta 13' Jump Shot,,,,,4,100387,Astou Ndiaye-Diatta,1611661321.0,Detroit,Shock,DET,0,0,,,,,,0,0,,,,,,0
1020000180,397,4,0,3,12:59 AM,4:29,,,Comets Rebound,,,3,1611661316,,,,,,0,0,,,,,,0,0,,,,,,0
1020000180,398,5,1,3,1:00 AM,4:16,DeForge STEAL (1 STL),,Arcain Bad Pass Turnover (P4.T18),,,5,100075,Janeth Arcain,1611661316.0,Houston,Comets,HOU,4,100493,Anna DeForge,1611661321.0,Detroit,Shock,DET,0,0,,,,,,0
1020000180,399,6,2,3,1:00 AM,4:11,,,Johnson S.FOUL (P5.T1),,,5,100233,Tiffani Johnson,1611661316.0,Houston,Comets,HOU,0,0,,,,,,1,0,,,,,,0
1020000180,402,3,11,3,1:00 AM,4:11,Palmer Free Throw 1 of 2 (17 PTS),,,70 - 69,-1,4,100046,Wendy Palmer,1611661321.0,Detroit,Shock,DET,0,0,,,,,,0,0,,,,,,0
1020000180,403,3,12,3,1:00 AM,4:11,Palmer Free Throw 2 of 2 (18 PTS),,,70 - 70,TIE,4,100046,Wendy Palmer,1611661321.0,Detroit,Shock,DET,0,0,,,,,,0,0,,,,,,0
1020000180,404,1,2,3,1:01 AM,3:48,,,Cooper 12' Running Jump Shot (27 PTS),72 - 70,-2,5,100073,Cynthia Cooper,1611661316.0,Houston,Comets,HOU,0,0,,,,,,0,0,,,,,,0
1020000180,405,6,1,3,1:01 AM,3:33,,,Thompson P.FOUL (P5.T2),,,5,100076,Tina Thompson,1611661316.0,Houston,Comets,HOU,0,0,,,,,,1,0,,,,,,0
1020000180,406,6,1,3,1:02 AM,3:24,,,Cooper P.FOUL (P2.T3),,,5,100073,Cynthia Cooper,1611661316.0,Houston,Comets,HOU,0,0,,,,,,1,0,,,,,,0
1020000180,407,1,5,3,1:02 AM,3:08,Palmer 4' Layup (20 PTS) (Brown 4 AST),,,72 - 72,TIE,4,100046,Wendy Palmer,1611661321.0,Detroit,Shock,DET,4,100492,Edwina Brown,1611661321.0,Detroit,Shock,DET,0,0,,,,,,0
1020000180,408,2,3,3,1:03 AM,2:38,,,MISS Cooper 6' Hook Shot,,,5,100073,Cynthia Cooper,1611661316.0,Houston,Comets,HOU,0,0,,,,,,0,0,,,,,,0
1020000180,409,4,0,3,1:03 AM,2:34,DeForge REBOUND (Off:0 Def:3),,,,,4,100493,Anna DeForge,1611661321.0,Detroit,Shock,DET,0,0,,,,,,0,0,,,,,,0
1020000180,411,1,6,3,1:03 AM,2:21,Palmer Driving Layup (22 PTS) (DeForge 2 AST),,,72 - 74,2,4,100046,Wendy Palmer,1611661321.0,Detroit,Shock,DET,4,100493,Anna DeForge,1611661321.0,Detroit,Shock,DET,0,0,,,,,,0
1020000180,413,2,1,3,1:04 AM,2:01,Palmer BLOCK (1 BLK),,MISS Cooper 9' Jump Shot,,,5,100073,Cynthia Cooper,1611661316.0,Houston,Comets,HOU,0,0,,,,,,4,100046,Wendy Palmer,1611661321.0,Detroit,Shock,DET,0
1020000180,414,4,0,3,1:04 AM,2:01,,,Comets Rebound,,,3,1611661316,,,,,,0,0,,,,,,0,0,,,,,,0
1020000180,415,9,2,3,1:04 AM,2:01,,,Comets Timeout: Short (Reg.1 Short 4),,,3,1611661316,,,,,,0,0,,,,,,0,0,,,,,,0
1020000180,417,1,6,3,1:05 AM,1:53,,,Thompson 2' Driving Layup (11 PTS),74 - 74,TIE,5,100076,Tina Thompson,1611661316.0,Houston,Comets,HOU,0,0,,,,,,0,0,,,,,,0
1020000180,418,2,1,3,1:05 AM,1:39,MISS Palmer 5' Jump Shot,,Thompson BLOCK (1 BLK),,,4,100046,Wendy Palmer,1611661321.0,Detroit,Shock,DET,0,0,,,,,,5,100076,Tina Thompson,1611661316.0,Houston,Comets,HOU,0
1020000180,419,4,0,3,1:05 AM,1:37,,,Thompson REBOUND (Off:1 Def:12),,,5,100076,Tina Thompson,1611661316.0,Houston,Comets,HOU,0,0,,,,,,0,0,,,,,,0
1020000180,421,2,1,3,1:05 AM,1:17,,,MISS Swoopes 11' Jump Shot,,,5,100072,Sheryl Swoopes,1611661316.0,Houston,Comets,HOU,0,0,,,,,,0,0,,,,,,0
1020000180,423,4,0,3,1:05 AM,1:14,Holmes REBOUND (Off:0 Def:3),,,,,4,100351,Joy Holmes,1611661321.0,Detroit,Shock,DET,0,0,,,,,,0,0,,,,,,0
1020000180,424,2,1,3,1:06 AM,0:54,MISS Palmer 6' Jump Shot,,,,,4,100046,Wendy Palmer,1611661321.0,Detroit,Shock,DET,0,0,,,,,,0,0,,,,,,0
1020000180,425,4,0,3,1:06 AM,0:53,,,Comets Rebound,,,3,1611661316,,,,,,0,0,,,,,,0,0,,,,,,0
1020000180,426,6,3,3,1:06 AM,0:53,Palmer L.B.FOUL (P2.T2),,,,,4,100046,Wendy Palmer,1611661321.0,Detroit,Shock,DET,0,0,,,,,,1,0,,,,,,0
1020000180,427,8,0,3,1:06 AM,0:53,SUB: Farris FOR Ndiaye-Diatta,,,,,4,100387,Astou Ndiaye-Diatta,1611661321.0,Detroit,Shock,DET,4,100494,Barbara Farris,1611661321.0,Detroit,Shock,DET,0,0,,,,,,0
1020000180,428,5,2,3,1:07 AM,0:36,Holmes STEAL (2 STL),,Cooper Lost Ball Turnover (P5.T19),,,5,100073,Cynthia Cooper,1611661316.0,Houston,Comets,HOU,4,100351,Joy Holmes,1611661321.0,Detroit,Shock,DET,0,0,,,,,,0
1020000180,429,9,1,3,1:07 AM,0:28,SHOCK Timeout: Regular (Full 2 Short 2),,,,,2,1611661321,,,,,,0,0,,,,,,0,0,,,,,,0
1020000180,431,5,1,3,1:10 AM,0:05,Brown Bad Pass Turnover (P2.T11),,Johnson STEAL (1 STL),,,4,100492,Edwina Brown,1611661321.0,Detroit,Shock,DET,5,100233,Tiffani Johnson,1611661316.0,Houston,Comets,HOU,0,0,,,,,,0
1020000180,433,9,1,3,1:11 AM,0:05,,,Comets Timeout: Regular (Reg.2 Short 4),,,3,1611661316,,,,,,0,0,,,,,,0,0,,,,,,0
1020000180,435,8,0,3,1:13 AM,0:05,SUB: Neves FOR DeForge,,,,,4,100493,Anna DeForge,1611661321.0,Detroit,Shock,DET,4,100386,Claudia Neves,1611661321.0,Detroit,Shock,DET,0,0,,,,,,0
1020000180,437,1,1,3,1:13 AM,0:03,,,Swoopes 12' Jump Shot (21 PTS) (Thompson 2 AST),76 - 74,-2,5,100072,Sheryl Swoopes,1611661316.0,Houston,Comets,HOU,5,100076,Tina Thompson,1611661316.0,Houston,Comets,HOU,0,0,,,,,,0
1020000180,438,9,2,3,1:13 AM,0:03,SHOCK Timeout: Short (Full 2 Short 3),,,,,2,1611661321,,,,,,0,0,,,,,,0,0,,,,,,0
1020000180,439,8,0,3,1:13 AM,0:03,SUB: DeForge FOR Farris,,,,,4,100494,Barbara Farris,1611661321.0,Detroit,Shock,DET,4,100493,Anna DeForge,1611661321.0,Detroit,Shock,DET,0,0,,,,,,0
1020000180,440,8,0,3,1:14 AM,0:03,,,SUB: Rizzotti FOR Johnson,,,5,100233,Tiffani Johnson,1611661316.0,Houston,Comets,HOU,5,100338,Jennifer Rizzotti,1611661316.0,Houston,Comets,HOU,0,0,,,,,,0
1020000180,441,13,0,3,1:15 AM,0:00,,End of 1st OT (1:15 AM EST),,76 - 74,-2,0,0,,,,,,0,0,,,,,,0,0,,,,,,0
