GAME_ID,EVENTNUM,EVENTMSGTYPE,EVENTMSGACTIONTYPE,PERIOD,WCTIMESTRING,PCTIMESTRING,HOMEDESCRIPTION,NEUTRALDESCRIPTION,VISITORDESCRIPTION,SCORE,SCOREMARGIN,PERSON1TYPE,PLAYER1_ID,PLAYER1_NAME,PLAYER1_TEAM_ID,PLAYER1_TEAM_CITY,PLAYER1_TEAM_NICKNAME,PLAYER1_TEAM_ABBREVIATION,PERSON2TYPE,PLAYER2_ID,PLAYER2_NAME,PLAYER2_TEAM_ID,PLAYER2_TEAM_CITY,PLAYER2_TEAM_NICKNAME,PLAYER2_TEAM_ABBREVIATION,PERSON3TYPE,PLAYER3_ID,PLAYER3_NAME,PLAYER3_TEAM_ID,PLAYER3_TEAM_CITY,PLAYER3_TEAM_NICKNAME,PLAYER3_TEAM_ABBREVIATION,VIDEO_AVAILABLE_FLAG
1029900185,0,12,0,1,12:09 PM,20:00,,Start of 1st Half (12:09 PM EST),,,,0,0,,,,,,0,0,,,,,,0,0,,,,,,0
1029900185,1,10,0,1,12:10 PM,20:00,Jump Ball Lloyd-Curry vs. McWilliams-Franklin: Tip to Tate,,,,,4,100402,Andrea Lloyd-Curry,1611661324.0,Minnesota,Lynx,MIN,5,100412,Taj McWilliams-Franklin,1611661323.0,Orlando,Miracle,ORL,4,100406,Sonja Tate,1611661324.0,Minnesota,Lynx,MIN,0
1029900185,2,2,1,1,12:10 PM,19:41,MISS K. Smith 3PT Jump Shot,,,,,4,100404,Katie Smith,1611661324.0,Minnesota,Lynx,MIN,0,0,,,,,,0,0,,,,,,0
1029900185,3,4,0,1,12:10 PM,19:40,,,S. Johnson REBOUND (Off:0 Def:1),,,5,100410,Shannon Johnson,1611661323.0,Orlando,Miracle,ORL,0,0,,,,,,0,0,,,,,,0
1029900185,4,2,5,1,12:10 PM,19:36,,,MISS S. Johnson Layup,,,5,100410,Shannon Johnson,1611661323.0,Orlando,Miracle,ORL,0,0,,,,,,0,0,,,,,,0
1029900185,5,4,0,1,12:10 PM,19:34,Lloyd-Curry REBOUND (Off:0 Def:1),,,,,4,100402,Andrea Lloyd-Curry,1611661324.0,Minnesota,Lynx,MIN,0,0,,,,,,0,0,,,,,,0
1029900185,6,2,1,1,12:10 PM,19:26,MISS Edwards 14' Jump Shot,,,,,4,100398,Tonya Edwards,1611661324.0,Minnesota,Lynx,MIN,0,0,,,,,,0,0,,,,,,0
1029900185,7,4,0,1,12:10 PM,19:23,LYNX Rebound,,,,,2,1611661324,,,,,,0,0,,,,,,0,0,,,,,,0
1029900185,8,1,1,1,12:11 PM,19:02,Edwards 15' Jump Shot (2 PTS) (K. Smith 1 AST),,,0 - 2,2,4,100398,Tonya Edwards,1611661324.0,Minnesota,Lynx,MIN,4,100404,Katie Smith,1611661324.0,Minnesota,Lynx,MIN,0,0,,,,,,0
1029900185,9,5,2,1,12:11 PM,18:45,,,Congreaves Lost Ball Turnover (P1.T1),,,5,100065,Andrea Congreaves,1611661323.0,Orlando,Miracle,ORL,0,0,,,,,,0,0,,,,,,0
1029900185,10,7,1,1,12:11 PM,18:45,,,Miracle Violation: Delay of game Violation,,,3,1611661323,,,,,,0,0,,,,,,1,0,,,,,,0
1029900185,11,5,1,1,12:12 PM,18:41,Edwards Bad Pass Turnover (P1.T1),,,,,4,100398,Tonya Edwards,1611661324.0,Minnesota,Lynx,MIN,0,0,,,,,,0,0,,,,,,0
1029900185,12,2,1,1,12:12 PM,18:15,,,MISS Sales 15' Jump Shot,,,5,100415,Nykesha Sales,1611661323.0,Orlando,Miracle,ORL,0,0,,,,,,0,0,,,,,,0
1029900185,13,4,0,1,12:12 PM,18:14,Tate REBOUND (Off:0 Def:1),,,,,4,100406,Sonja Tate,1611661324.0,Minnesota,Lynx,MIN,0,0,,,,,,0,0,,,,,,0
1029900185,14,5,2,1,12:12 PM,17:59,Tate Lost Ball Turnover (P1.T2),,,,,4,100406,Sonja Tate,1611661324.0,Minnesota,Lynx,MIN,0,0,,,,,,0,0,,,,,,0
1029900185,15,1,1,1,12:13 PM,17:47,,,Sam 14' Jump Shot (2 PTS) (Congreaves 1 AST),2 - 2,TIE,5,100416,Sheri Sam,1611661323.0,Orlando,Miracle,ORL,5,100065,Andrea Congreaves,1611661323.0,Orlando,Miracle,ORL,0,0,,,,,,0
1029900185,16,6,2,1,12:13 PM,17:28,,,Sales S.FOUL (P1.T1),,,5,100415,Nykesha Sales,1611661323.0,Orlando,Miracle,ORL,0,0,,,,,,0,0,,,,,,0
1029900185,17,3,11,1,12:13 PM,17:28,MISS K. Smith Free Throw 1 of 2,,,,,4,100404,Katie Smith,1611661324.0,Minnesota,Lynx,MIN,0,0,,,,,,0,0,,,,,,0
1029900185,18,4,1,1,12:13 PM,17:28,LYNX Rebound,,,,,2,1611661324,,,,,,0,0,,,,,,0,0,,,,,,0
1029900185,19,3,12,1,12:14 PM,17:28,MISS K. Smith Free Throw 2 of 2,,,,,4,100404,Katie Smith,1611661324.0,Minnesota,Lynx,MIN,0,0,,,,,,0,0,,,,,,0
1029900185,20,4,0,1,12:14 PM,17:27,,,Miracle Rebound,,,3,1611661323,,,,,,0,0,,,,,,0,0,,,,,,0
1029900185,22,6,1,1,12:14 PM,17:21,Edwards P.FOUL (P1.T1),,,,,4,100398,Tonya Edwards,1611661324.0,Minnesota,Lynx,MIN,0,0,,,,,,0,0,,,,,,0
1029900185,23,2,5,1,12:14 PM,17:14,,,MISS McWilliams-Franklin Layup,,,5,100412,Taj McWilliams-Franklin,1611661323.0,Orlando,Miracle,ORL,0,0,,,,,,0,0,,,,,,0
1029900185,24,4,0,1,12:14 PM,17:12,Potthoff REBOUND (Off:0 Def:1),,,,,4,100403,Angie Potthoff,1611661324.0,Minnesota,Lynx,MIN,0,0,,,,,,0,0,,,,,,0
1029900185,25,2,1,1,12:14 PM,17:04,MISS Lloyd-Curry 3PT Jump Shot,,,,,4,100402,Andrea Lloyd-Curry,1611661324.0,Minnesota,Lynx,MIN,0,0,,,,,,0,0,,,,,,0
1029900185,26,4,0,1,12:15 PM,17:02,,,Miracle Rebound,,,3,1611661323,,,,,,0,0,,,,,,0,0,,,,,,0
1029900185,27,2,1,1,12:15 PM,16:49,,,MISS Sam 3PT Jump Shot,,,5,100416,Sheri Sam,1611661323.0,Orlando,Miracle,ORL,0,0,,,,,,0,0,,,,,,0
1029900185,28,4,0,1,12:15 PM,16:48,Edwards REBOUND (Off:0 Def:1),,,,,4,100398,Tonya Edwards,1611661324.0,Minnesota,Lynx,MIN,0,0,,,,,,0,0,,,,,,0
1029900185,29,2,5,1,12:15 PM,16:38,MISS Lloyd-Curry Layup,,,,,4,100402,Andrea Lloyd-Curry,1611661324.0,Minnesota,Lynx,MIN,0,0,,,,,,0,0,,,,,,0
1029900185,30,4,0,1,12:15 PM,16:36,,,Sam REBOUND (Off:0 Def:1),,,5,100416,Sheri Sam,1611661323.0,Orlando,Miracle,ORL,0,0,,,,,,0,0,,,,,,0
1029900185,31,1,5,1,12:15 PM,16:22,,,Sales Layup (2 PTS) (Sam 1 AST),4 - 2,-2,5,100415,Nykesha Sales,1611661323.0,Orlando,Miracle,ORL,5,100416,Sheri Sam,1611661323.0,Orlando,Miracle,ORL,0,0,,,,,,0
1029900185,32,2,1,1,12:16 PM,16:04,MISS Edwards 6' Jump Shot,,,,,4,100398,Tonya Edwards,1611661324.0,Minnesota,Lynx,MIN,0,0,,,,,,0,0,,,,,,0
1029900185,33,4,0,1,12:16 PM,16:03,,,Sales REBOUND (Off:0 Def:1),,,5,100415,Nykesha Sales,1611661323.0,Orlando,Miracle,ORL,0,0,,,,,,0,0,,,,,,0
1029900185,34,1,6,1,12:16 PM,15:46,,,Sam Driving Layup (4 PTS) (Sales 1 AST),6 - 2,-4,5,100416,Sheri Sam,1611661323.0,Orlando,Miracle,ORL,5,100415,Nykesha Sales,1611661323.0,Orlando,Miracle,ORL,0,0,,,,,,0
1029900185,35,6,2,1,12:16 PM,15:46,Potthoff S.FOUL (P1.T2),,,,,4,100403,Angie Potthoff,1611661324.0,Minnesota,Lynx,MIN,0,0,,,,,,0,0,,,,,,0
1029900185,36,9,4,1,12:16 PM,15:46,,Timeout: Official,,,,1,0,,,,,,0,0,,,,,,0,0,,,,,,0
1029900185,38,8,0,1,12:18 PM,15:46,SUB: Folkl FOR Lloyd-Curry,,,,,4,100402,Andrea Lloyd-Curry,1611661324.0,Minnesota,Lynx,MIN,4,100400,Kristin Folkl,1611661324.0,Minnesota,Lynx,MIN,0,0,,,,,,0
1029900185,40,3,10,1,12:19 PM,15:46,,,Sam Free Throw 1 of 1 (5 PTS),7 - 2,-5,5,100416,Sheri Sam,1611661323.0,Orlando,Miracle,ORL,0,0,,,,,,0,0,,,,,,0
1029900185,41,2,1,1,12:19 PM,15:31,MISS K. Smith 3PT Jump Shot,,,,,4,100404,Katie Smith,1611661324.0,Minnesota,Lynx,MIN,0,0,,,,,,0,0,,,,,,0
1029900185,42,4,0,1,12:19 PM,15:28,,,Sales REBOUND (Off:0 Def:2),,,5,100415,Nykesha Sales,1611661323.0,Orlando,Miracle,ORL,0,0,,,,,,0,0,,,,,,0
1029900185,43,2,1,1,12:19 PM,15:21,,,MISS S. Johnson 5' Jump Shot,,,5,100410,Shannon Johnson,1611661323.0,Orlando,Miracle,ORL,0,0,,,,,,0,0,,,,,,0
1029900185,44,4,0,1,12:19 PM,15:19,,,S. Johnson REBOUND (Off:1 Def:1),,,5,100410,Shannon Johnson,1611661323.0,Orlando,Miracle,ORL,0,0,,,,,,0,0,,,,,,0
1029900185,45,6,2,1,12:19 PM,15:18,Folkl S.FOUL (P1.T3),,,,,4,100400,Kristin Folkl,1611661324.0,Minnesota,Lynx,MIN,0,0,,,,,,0,0,,,,,,0
1029900185,46,3,11,1,12:19 PM,15:18,,,S. Johnson Free Throw 1 of 2 (1 PTS),8 - 2,-6,5,100410,Shannon Johnson,1611661323.0,Orlando,Miracle,ORL,0,0,,,,,,0,0,,,,,,0
1029900185,47,3,12,1,12:20 PM,15:18,,,S. Johnson Free Throw 2 of 2 (2 PTS),9 - 2,-7,5,100410,Shannon Johnson,1611661323.0,Orlando,Miracle,ORL,0,0,,,,,,0,0,,,,,,0
1029900185,48,1,1,1,12:20 PM,15:00,Tate 3PT Jump Shot (3 PTS) (Edwards 1 AST),,,9 - 5,-4,4,100406,Sonja Tate,1611661324.0,Minnesota,Lynx,MIN,4,100398,Tonya Edwards,1611661324.0,Minnesota,Lynx,MIN,0,0,,,,,,0
1029900185,49,2,1,1,12:21 PM,14:38,,,MISS S. Johnson 9' Jump Shot,,,5,100410,Shannon Johnson,1611661323.0,Orlando,Miracle,ORL,0,0,,,,,,0,0,,,,,,0
1029900185,50,4,0,1,12:21 PM,14:34,Edwards REBOUND (Off:0 Def:2),,,,,4,100398,Tonya Edwards,1611661324.0,Minnesota,Lynx,MIN,0,0,,,,,,0,0,,,,,,0
1029900185,51,6,1,1,12:21 PM,14:29,,,Sam P.FOUL (P1.T2),,,5,100416,Sheri Sam,1611661323.0,Orlando,Miracle,ORL,0,0,,,,,,0,0,,,,,,0
1029900185,53,5,6,1,12:21 PM,14:22,Tate Double Dribble Turnover (P2.T3),,,,,4,100406,Sonja Tate,1611661324.0,Minnesota,Lynx,MIN,0,0,,,,,,0,0,,,,,,0
1029900185,54,5,1,1,12:21 PM,14:14,K. Smith STEAL (1 STL),,S. Johnson Bad Pass Turnover (P1.T2),,,5,100410,Shannon Johnson,1611661323.0,Orlando,Miracle,ORL,4,100404,Katie Smith,1611661324.0,Minnesota,Lynx,MIN,0,0,,,,,,0
1029900185,55,2,1,1,12:22 PM,14:07,MISS K. Smith 3PT Jump Shot,,,,,4,100404,Katie Smith,1611661324.0,Minnesota,Lynx,MIN,0,0,,,,,,0,0,,,,,,0
1029900185,56,4,0,1,12:22 PM,14:05,,,Sam REBOUND (Off:0 Def:2),,,5,100416,Sheri Sam,1611661323.0,Orlando,Miracle,ORL,0,0,,,,,,0,0,,,,,,0
1029900185,57,5,2,1,12:22 PM,13:39,Tate STEAL (1 STL),,Sam Lost Ball Turnover (P1.T3),,,5,100416,Sheri Sam,1611661323.0,Orlando,Miracle,ORL,4,100406,Sonja Tate,1611661324.0,Minnesota,Lynx,MIN,0,0,,,,,,0
1029900185,58,2,1,1,12:22 PM,13:20,MISS Tate 16' Jump Shot,,,,,4,100406,Sonja Tate,1611661324.0,Minnesota,Lynx,MIN,0,0,,,,,,0,0,,,,,,0
1029900185,59,4,0,1,12:22 PM,13:19,,,Congreaves REBOUND (Off:0 Def:1),,,5,100065,Andrea Congreaves,1611661323.0,Orlando,Miracle,ORL,0,0,,,,,,0,0,,,,,,0
1029900185,60,2,1,1,12:22 PM,13:11,,,MISS Sales 17' Jump Shot,,,5,100415,Nykesha Sales,1611661323.0,Orlando,Miracle,ORL,0,0,,,,,,0,0,,,,,,0
1029900185,61,4,0,1,12:23 PM,13:08,Folkl REBOUND (Off:0 Def:1),,,,,4,100400,Kristin Folkl,1611661324.0,Minnesota,Lynx,MIN,0,0,,,,,,0,0,,,,,,0
1029900185,62,6,1,1,12:23 PM,13:03,,,Congreaves P.FOUL (P1.T3),,,5,100065,Andrea Congreaves,1611661323.0,Orlando,Miracle,ORL,0,0,,,,,,0,0,,,,,,0
1029900185,63,8,0,1,12:23 PM,13:03,,,SUB: Powell FOR Sales,,,5,100415,Nykesha Sales,1611661323.0,Orlando,Miracle,ORL,5,100414,Elaine Powell,1611661323.0,Orlando,Miracle,ORL,0,0,,,,,,0
1029900185,64,5,1,1,12:23 PM,12:47,Potthoff Bad Pass Turnover (P1.T4),,S. Johnson STEAL (1 STL),,,4,100403,Angie Potthoff,1611661324.0,Minnesota,Lynx,MIN,5,100410,Shannon Johnson,1611661323.0,Orlando,Miracle,ORL,0,0,,,,,,0
1029900185,65,1,6,1,12:23 PM,12:43,,,Sam Driving Layup (7 PTS) (S. Johnson 1 AST),11 - 5,-6,5,100416,Sheri Sam,1611661323.0,Orlando,Miracle,ORL,5,100410,Shannon Johnson,1611661323.0,Orlando,Miracle,ORL,0,0,,,,,,0
1029900185,66,1,6,1,12:24 PM,12:27,Folkl Driving Layup (2 PTS) (Tate 1 AST),,,11 - 7,-4,4,100400,Kristin Folkl,1611661324.0,Minnesota,Lynx,MIN,4,100406,Sonja Tate,1611661324.0,Minnesota,Lynx,MIN,0,0,,,,,,0
1029900185,68,2,1,1,12:24 PM,12:11,,,MISS Sam 15' Jump Shot,,,5,100416,Sheri Sam,1611661323.0,Orlando,Miracle,ORL,0,0,,,,,,0,0,,,,,,0
1029900185,69,4,0,1,12:24 PM,12:09,Edwards REBOUND (Off:0 Def:3),,,,,4,100398,Tonya Edwards,1611661324.0,Minnesota,Lynx,MIN,0,0,,,,,,0,0,,,,,,0
1029900185,70,1,6,1,12:24 PM,12:05,K. Smith Driving Layup (2 PTS) (Edwards 2 AST),,,11 - 9,-2,4,100404,Katie Smith,1611661324.0,Minnesota,Lynx,MIN,4,100398,Tonya Edwards,1611661324.0,Minnesota,Lynx,MIN,0,0,,,,,,0
1029900185,71,1,1,1,12:24 PM,11:43,,,Congreaves 3PT Jump Shot (3 PTS) (Powell 1 AST),14 - 9,-5,5,100065,Andrea Congreaves,1611661323.0,Orlando,Miracle,ORL,5,100414,Elaine Powell,1611661323.0,Orlando,Miracle,ORL,0,0,,,,,,0
1029900185,72,6,1,1,12:25 PM,11:32,,,Sam P.FOUL (P2.T4),,,5,100416,Sheri Sam,1611661323.0,Orlando,Miracle,ORL,0,0,,,,,,0,0,,,,,,0
1029900185,73,9,4,1,12:25 PM,11:32,,Timeout: Official,,,,1,0,,,,,,0,0,,,,,,0,0,,,,,,0
1029900185,75,8,0,1,12:27 PM,11:32,SUB: Lloyd-Curry FOR Potthoff,,,,,4,100403,Angie Potthoff,1611661324.0,Minnesota,Lynx,MIN,4,100402,Andrea Lloyd-Curry,1611661324.0,Minnesota,Lynx,MIN,0,0,,,,,,0
1029900185,76,8,0,1,12:27 PM,11:32,SUB: Burgess FOR Tate,,,,,4,100406,Sonja Tate,1611661324.0,Minnesota,Lynx,MIN,4,100401,Annie Burgess,1611661324.0,Minnesota,Lynx,MIN,0,0,,,,,,0
1029900185,77,8,0,1,12:27 PM,11:32,,,SUB: Phillips FOR Congreaves,,,5,100065,Andrea Congreaves,1611661323.0,Orlando,Miracle,ORL,5,100413,Tari Phillips,1611661323.0,Orlando,Miracle,ORL,0,0,,,,,,0
1029900185,78,2,1,1,12:27 PM,11:24,MISS Edwards 12' Jump Shot,,S. Johnson BLOCK (1 BLK),,,4,100398,Tonya Edwards,1611661324.0,Minnesota,Lynx,MIN,0,0,,,,,,5,100410,Shannon Johnson,1611661323.0,Orlando,Miracle,ORL,0
1029900185,79,4,0,1,12:27 PM,11:21,Lloyd-Curry REBOUND (Off:1 Def:1),,,,,4,100402,Andrea Lloyd-Curry,1611661324.0,Minnesota,Lynx,MIN,0,0,,,,,,0,0,,,,,,0
1029900185,80,1,1,1,12:27 PM,11:19,Burgess 3PT Jump Shot (3 PTS) (K. Smith 2 AST),,,14 - 12,-2,4,100401,Annie Burgess,1611661324.0,Minnesota,Lynx,MIN,4,100404,Katie Smith,1611661324.0,Minnesota,Lynx,MIN,0,0,,,,,,0
1029900185,81,1,1,1,12:28 PM,11:00,,,S. Johnson 3PT Jump Shot (5 PTS) (Phillips 1 AST),17 - 12,-5,5,100410,Shannon Johnson,1611661323.0,Orlando,Miracle,ORL,5,100413,Tari Phillips,1611661323.0,Orlando,Miracle,ORL,0,0,,,,,,0
1029900185,82,5,1,1,12:28 PM,10:45,Lloyd-Curry Bad Pass Turnover (P1.T5),,Powell STEAL (1 STL),,,4,100402,Andrea Lloyd-Curry,1611661324.0,Minnesota,Lynx,MIN,5,100414,Elaine Powell,1611661323.0,Orlando,Miracle,ORL,0,0,,,,,,0
1029900185,83,2,6,1,12:28 PM,10:40,,,MISS Phillips Driving Layup,,,5,100413,Tari Phillips,1611661323.0,Orlando,Miracle,ORL,0,0,,,,,,0,0,,,,,,0
1029900185,84,4,0,1,12:28 PM,10:38,,,S. Johnson REBOUND (Off:2 Def:1),,,5,100410,Shannon Johnson,1611661323.0,Orlando,Miracle,ORL,0,0,,,,,,0,0,,,,,,0
1029900185,85,1,5,1,12:28 PM,10:37,,,S. Johnson Layup (7 PTS),19 - 12,-7,5,100410,Shannon Johnson,1611661323.0,Orlando,Miracle,ORL,0,0,,,,,,0,0,,,,,,0
1029900185,86,1,6,1,12:29 PM,10:07,Burgess Driving Layup (5 PTS),,,19 - 14,-5,4,100401,Annie Burgess,1611661324.0,Minnesota,Lynx,MIN,0,0,,,,,,0,0,,,,,,0
1029900185,88,2,1,1,12:29 PM,9:50,,,MISS Phillips 8' Jump Shot,,,5,100413,Tari Phillips,1611661323.0,Orlando,Miracle,ORL,0,0,,,,,,0,0,,,,,,0
1029900185,89,4,0,1,12:29 PM,9:48,Edwards REBOUND (Off:0 Def:4),,,,,4,100398,Tonya Edwards,1611661324.0,Minnesota,Lynx,MIN,0,0,,,,,,0,0,,,,,,0
1029900185,90,2,1,1,12:29 PM,9:33,MISS Folkl 14' Jump Shot,,McWilliams-Franklin BLOCK (1 BLK),,,4,100400,Kristin Folkl,1611661324.0,Minnesota,Lynx,MIN,0,0,,,,,,5,100412,Taj McWilliams-Franklin,1611661323.0,Orlando,Miracle,ORL,0
1029900185,91,4,0,1,12:29 PM,9:31,,,S. Johnson REBOUND (Off:2 Def:2),,,5,100410,Shannon Johnson,1611661323.0,Orlando,Miracle,ORL,0,0,,,,,,0,0,,,,,,0
1029900185,92,6,2,1,12:29 PM,9:29,Edwards S.FOUL (P2.T4),,,,,4,100398,Tonya Edwards,1611661324.0,Minnesota,Lynx,MIN,0,0,,,,,,0,0,,,,,,0
1029900185,93,8,0,1,12:30 PM,9:29,SUB: Tate FOR Lloyd-Curry,,,,,4,100402,Andrea Lloyd-Curry,1611661324.0,Minnesota,Lynx,MIN,4,100406,Sonja Tate,1611661324.0,Minnesota,Lynx,MIN,0,0,,,,,,0
1029900185,94,8,0,1,12:30 PM,9:29,,,SUB: Sales FOR Sam,,,5,100416,Sheri Sam,1611661323.0,Orlando,Miracle,ORL,5,100415,Nykesha Sales,1611661323.0,Orlando,Miracle,ORL,0,0,,,,,,0
1029900185,95,3,11,1,12:30 PM,9:29,,,S. Johnson Free Throw 1 of 2 (8 PTS),20 - 14,-6,5,100410,Shannon Johnson,1611661323.0,Orlando,Miracle,ORL,0,0,,,,,,0,0,,,,,,0
1029900185,96,8,0,1,12:30 PM,9:29,,,SUB: Congreaves FOR McWilliams-Franklin,,,5,100412,Taj McWilliams-Franklin,1611661323.0,Orlando,Miracle,ORL,5,100065,Andrea Congreaves,1611661323.0,Orlando,Miracle,ORL,0,0,,,,,,0
1029900185,97,3,12,1,12:30 PM,9:29,,,S. Johnson Free Throw 2 of 2 (9 PTS),21 - 14,-7,5,100410,Shannon Johnson,1611661323.0,Orlando,Miracle,ORL,0,0,,,,,,0,0,,,,,,0
1029900185,98,1,5,1,12:31 PM,9:17,Folkl Layup (4 PTS) (Burgess 1 AST),,,21 - 16,-5,4,100400,Kristin Folkl,1611661324.0,Minnesota,Lynx,MIN,4,100401,Annie Burgess,1611661324.0,Minnesota,Lynx,MIN,0,0,,,,,,0
1029900185,99,5,8,1,12:31 PM,9:01,,,Phillips 3 Second Violation Turnover (P1.T4),,,5,100413,Tari Phillips,1611661323.0,Orlando,Miracle,ORL,0,0,,,,,,0,0,,,,,,0
1029900185,101,5,11,1,12:32 PM,8:31,LYNX Turnover: Shot Clock (T#6),,,,,2,1611661324,,,,,,0,0,,,,,,0,0,,,,,,0
1029900185,102,8,0,1,12:32 PM,8:31,,,SUB: McGhee FOR Phillips,,,5,100413,Tari Phillips,1611661323.0,Orlando,Miracle,ORL,5,100411,Carla McGhee,1611661323.0,Orlando,Miracle,ORL,0,0,,,,,,0
1029900185,104,1,6,1,12:32 PM,8:14,,,S. Johnson Driving Layup (11 PTS),23 - 16,-7,5,100410,Shannon Johnson,1611661323.0,Orlando,Miracle,ORL,0,0,,,,,,0,0,,,,,,0
1029900185,105,5,2,1,12:33 PM,7:49,Folkl Lost Ball Turnover (P1.T7),,Powell STEAL (2 STL),,,4,100400,Kristin Folkl,1611661324.0,Minnesota,Lynx,MIN,5,100414,Elaine Powell,1611661323.0,Orlando,Miracle,ORL,0,0,,,,,,0
1029900185,106,6,4,1,12:33 PM,7:33,,,Powell OFF.Foul (P1),,,5,100414,Elaine Powell,1611661323.0,Orlando,Miracle,ORL,0,0,,,,,,0,0,,,,,,0
1029900185,107,5,5,1,12:33 PM,7:33,,,Powell Foul Turnover (P1.T5),,,5,100414,Elaine Powell,1611661323.0,Orlando,Miracle,ORL,0,0,,,,,,0,0,,,,,,0
1029900185,108,9,4,1,12:33 PM,7:33,,Timeout: Official,,,,1,0,,,,,,0,0,,,,,,0,0,,,,,,0
1029900185,112,6,2,1,12:36 PM,7:05,,,Powell S.FOUL (P2.PN),,,5,100414,Elaine Powell,1611661323.0,Orlando,Miracle,ORL,0,0,,,,,,0,0,,,,,,0
1029900185,113,3,11,1,12:36 PM,7:05,Edwards Free Throw 1 of 2 (3 PTS),,,23 - 17,-6,4,100398,Tonya Edwards,1611661324.0,Minnesota,Lynx,MIN,0,0,,,,,,0,0,,,,,,0
1029900185,114,3,12,1,12:37 PM,7:05,Edwards Free Throw 2 of 2 (4 PTS),,,23 - 18,-5,4,100398,Tonya Edwards,1611661324.0,Minnesota,Lynx,MIN,0,0,,,,,,0,0,,,,,,0
1029900185,115,1,1,1,12:37 PM,6:50,,,Sales 3PT Jump Shot (5 PTS) (S. Johnson 2 AST),26 - 18,-8,5,100415,Nykesha Sales,1611661323.0,Orlando,Miracle,ORL,5,100410,Shannon Johnson,1611661323.0,Orlando,Miracle,ORL,0,0,,,,,,0
1029900185,116,2,1,1,12:37 PM,6:31,MISS Edwards 3PT Jump Shot,,,,,4,100398,Tonya Edwards,1611661324.0,Minnesota,Lynx,MIN,0,0,,,,,,0,0,,,,,,0
1029900185,117,4,0,1,12:38 PM,6:25,Folkl REBOUND (Off:1 Def:1),,,,,4,100400,Kristin Folkl,1611661324.0,Minnesota,Lynx,MIN,0,0,,,,,,0,0,,,,,,0
1029900185,118,2,1,1,12:38 PM,6:09,MISS K. Smith 3PT Jump Shot,,,,,4,100404,Katie Smith,1611661324.0,Minnesota,Lynx,MIN,0,0,,,,,,0,0,,,,,,0
1029900185,120,4,0,1,12:38 PM,6:07,Folkl REBOUND (Off:2 Def:1),,,,,4,100400,Kristin Folkl,1611661324.0,Minnesota,Lynx,MIN,0,0,,,,,,0,0,,,,,,0
1029900185,119,1,5,1,12:38 PM,6:07,Folkl Layup (6 PTS),,,26 - 20,-6,4,100400,Kristin Folkl,1611661324.0,Minnesota,Lynx,MIN,0,0,,,,,,0,0,,,,,,0
1029900185,121,2,5,1,12:38 PM,5:52,,,MISS McGhee Layup,,,5,100411,Carla McGhee,1611661323.0,Orlando,Miracle,ORL,0,0,,,,,,0,0,,,,,,0
1029900185,123,4,0,1,12:38 PM,5:49,LYNX Rebound,,,,,2,1611661324,,,,,,0,0,,,,,,0,0,,,,,,0
1029900185,122,8,0,1,12:38 PM,5:49,SUB: Lloyd-Curry FOR K. Smith,,,,,4,100404,Katie Smith,1611661324.0,Minnesota,Lynx,MIN,4,100402,Andrea Lloyd-Curry,1611661324.0,Minnesota,Lynx,MIN,0,0,,,,,,0
1029900185,124,8,0,1,12:38 PM,5:49,,,SUB: McWilliams-Franklin FOR McGhee,,,5,100411,Carla McGhee,1611661323.0,Orlando,Miracle,ORL,5,100412,Taj McWilliams-Franklin,1611661323.0,Orlando,Miracle,ORL,0,0,,,,,,0
1029900185,125,10,0,1,12:39 PM,5:49,Jump Ball Folkl vs. Sales: Tip to Folkl,,,,,4,100400,Kristin Folkl,1611661324.0,Minnesota,Lynx,MIN,5,100415,Nykesha Sales,1611661323.0,Orlando,Miracle,ORL,4,100400,Kristin Folkl,1611661324.0,Minnesota,Lynx,MIN,0
1029900185,127,1,5,1,12:39 PM,5:38,Folkl Layup (8 PTS) (Tate 2 AST),,,26 - 22,-4,4,100400,Kristin Folkl,1611661324.0,Minnesota,Lynx,MIN,4,100406,Sonja Tate,1611661324.0,Minnesota,Lynx,MIN,0,0,,,,,,0
1029900185,128,5,1,1,12:39 PM,5:26,Tate STEAL (2 STL),,S. Johnson Bad Pass Turnover (P2.T6),,,5,100410,Shannon Johnson,1611661323.0,Orlando,Miracle,ORL,4,100406,Sonja Tate,1611661324.0,Minnesota,Lynx,MIN,0,0,,,,,,0
1029900185,129,6,1,1,12:39 PM,5:25,,,Sales P.FOUL (P2.PN),,,5,100415,Nykesha Sales,1611661323.0,Orlando,Miracle,ORL,0,0,,,,,,0,0,,,,,,0
1029900185,130,1,5,1,12:40 PM,5:08,Folkl Layup (10 PTS) (Edwards 3 AST),,,26 - 24,-2,4,100400,Kristin Folkl,1611661324.0,Minnesota,Lynx,MIN,4,100398,Tonya Edwards,1611661324.0,Minnesota,Lynx,MIN,0,0,,,,,,0
1029900185,131,6,1,1,12:40 PM,4:53,Tate P.FOUL (P1.PN),,,,,4,100406,Sonja Tate,1611661324.0,Minnesota,Lynx,MIN,0,0,,,,,,0,0,,,,,,0
1029900185,133,5,8,1,12:40 PM,4:41,,,McWilliams-Franklin 3 Second Violation Turnover (P1.T7),,,5,100412,Taj McWilliams-Franklin,1611661323.0,Orlando,Miracle,ORL,0,0,,,,,,0,0,,,,,,0
1029900185,135,1,1,1,12:41 PM,4:26,Edwards 3PT Jump Shot (7 PTS) (Burgess 2 AST),,,26 - 27,1,4,100398,Tonya Edwards,1611661324.0,Minnesota,Lynx,MIN,4,100401,Annie Burgess,1611661324.0,Minnesota,Lynx,MIN,0,0,,,,,,0
1029900185,137,2,1,1,12:41 PM,4:05,,,MISS S. Johnson 14' Jump Shot,,,5,100410,Shannon Johnson,1611661323.0,Orlando,Miracle,ORL,0,0,,,,,,0,0,,,,,,0
1029900185,139,4,0,1,12:41 PM,4:03,,,Powell REBOUND (Off:1 Def:0),,,5,100414,Elaine Powell,1611661323.0,Orlando,Miracle,ORL,0,0,,,,,,0,0,,,,,,0
1029900185,140,5,1,1,12:41 PM,3:59,Edwards STEAL (1 STL),,Powell Bad Pass Turnover (P2.T8),,,5,100414,Elaine Powell,1611661323.0,Orlando,Miracle,ORL,4,100398,Tonya Edwards,1611661324.0,Minnesota,Lynx,MIN,0,0,,,,,,0
1029900185,141,1,6,1,12:41 PM,3:54,Edwards Driving Layup (9 PTS),,,26 - 29,3,4,100398,Tonya Edwards,1611661324.0,Minnesota,Lynx,MIN,0,0,,,,,,0,0,,,,,,0
1029900185,143,6,2,1,12:42 PM,3:32,Folkl S.FOUL (P2.PN),,,,,4,100400,Kristin Folkl,1611661324.0,Minnesota,Lynx,MIN,0,0,,,,,,0,0,,,,,,0
1029900185,144,9,4,1,12:42 PM,3:32,,Timeout: Official,,,,1,0,,,,,,0,0,,,,,,0,0,,,,,,0
1029900185,146,8,0,1,12:44 PM,3:32,SUB: K. Smith FOR Edwards,,,,,4,100398,Tonya Edwards,1611661324.0,Minnesota,Lynx,MIN,4,100404,Katie Smith,1611661324.0,Minnesota,Lynx,MIN,0,0,,,,,,0
1029900185,147,8,0,1,12:44 PM,3:32,SUB: Fallon FOR Folkl,,,,,4,100400,Kristin Folkl,1611661324.0,Minnesota,Lynx,MIN,4,100399,Trisha Fallon,1611661324.0,Minnesota,Lynx,MIN,0,0,,,,,,0
1029900185,148,8,0,1,12:44 PM,3:32,,,SUB: Sam FOR Powell,,,5,100414,Elaine Powell,1611661323.0,Orlando,Miracle,ORL,5,100416,Sheri Sam,1611661323.0,Orlando,Miracle,ORL,0,0,,,,,,0
1029900185,149,3,11,1,12:44 PM,3:32,,,McWilliams-Franklin Free Throw 1 of 2 (1 PTS),27 - 29,2,5,100412,Taj McWilliams-Franklin,1611661323.0,Orlando,Miracle,ORL,0,0,,,,,,0,0,,,,,,0
1029900185,150,3,12,1,12:45 PM,3:32,,,MISS McWilliams-Franklin Free Throw 2 of 2,,,5,100412,Taj McWilliams-Franklin,1611661323.0,Orlando,Miracle,ORL,0,0,,,,,,0,0,,,,,,0
1029900185,151,4,0,1,12:45 PM,3:31,,,McWilliams-Franklin REBOUND (Off:1 Def:0),,,5,100412,Taj McWilliams-Franklin,1611661323.0,Orlando,Miracle,ORL,0,0,,,,,,0,0,,,,,,0
1029900185,152,1,5,1,12:45 PM,3:20,,,McWilliams-Franklin Layup (3 PTS) (Sales 2 AST),29 - 29,TIE,5,100412,Taj McWilliams-Franklin,1611661323.0,Orlando,Miracle,ORL,5,100415,Nykesha Sales,1611661323.0,Orlando,Miracle,ORL,0,0,,,,,,0
1029900185,153,2,1,1,12:45 PM,3:01,MISS Tate 3PT Jump Shot,,,,,4,100406,Sonja Tate,1611661324.0,Minnesota,Lynx,MIN,0,0,,,,,,0,0,,,,,,0
1029900185,154,4,0,1,12:45 PM,2:59,,,Sales REBOUND (Off:0 Def:3),,,5,100415,Nykesha Sales,1611661323.0,Orlando,Miracle,ORL,0,0,,,,,,0,0,,,,,,0
1029900185,155,5,1,1,12:46 PM,2:47,Fallon STEAL (1 STL),,Sam Bad Pass Turnover (P2.T9),,,5,100416,Sheri Sam,1611661323.0,Orlando,Miracle,ORL,4,100399,Trisha Fallon,1611661324.0,Minnesota,Lynx,MIN,0,0,,,,,,0
1029900185,156,2,6,1,12:46 PM,2:41,MISS Tate Driving Layup,,,,,4,100406,Sonja Tate,1611661324.0,Minnesota,Lynx,MIN,0,0,,,,,,0,0,,,,,,0
1029900185,157,4,0,1,12:46 PM,2:39,Burgess REBOUND (Off:1 Def:0),,,,,4,100401,Annie Burgess,1611661324.0,Minnesota,Lynx,MIN,0,0,,,,,,0,0,,,,,,0
1029900185,158,2,5,1,12:46 PM,2:38,MISS Burgess Layup,,,,,4,100401,Annie Burgess,1611661324.0,Minnesota,Lynx,MIN,0,0,,,,,,0,0,,,,,,0
1029900185,159,4,0,1,12:46 PM,2:36,,,Congreaves REBOUND (Off:0 Def:2),,,5,100065,Andrea Congreaves,1611661323.0,Orlando,Miracle,ORL,0,0,,,,,,0,0,,,,,,0
1029900185,160,1,6,1,12:46 PM,2:31,,,McWilliams-Franklin Driving Layup (5 PTS),31 - 29,-2,5,100412,Taj McWilliams-Franklin,1611661323.0,Orlando,Miracle,ORL,0,0,,,,,,0,0,,,,,,0
1029900185,161,6,2,1,12:46 PM,2:31,K. Smith S.FOUL (P1.PN),,,,,4,100404,Katie Smith,1611661324.0,Minnesota,Lynx,MIN,0,0,,,,,,0,0,,,,,,0
1029900185,162,8,0,1,12:46 PM,2:31,,,SUB: Powell FOR Congreaves,,,5,100065,Andrea Congreaves,1611661323.0,Orlando,Miracle,ORL,5,100414,Elaine Powell,1611661323.0,Orlando,Miracle,ORL,0,0,,,,,,0
1029900185,163,8,0,1,12:46 PM,2:31,SUB: Folkl FOR Fallon,,,,,4,100399,Trisha Fallon,1611661324.0,Minnesota,Lynx,MIN,4,100400,Kristin Folkl,1611661324.0,Minnesota,Lynx,MIN,0,0,,,,,,0
1029900185,164,3,10,1,12:46 PM,2:31,,,MISS McWilliams-Franklin Free Throw 1 of 1,,,5,100412,Taj McWilliams-Franklin,1611661323.0,Orlando,Miracle,ORL,0,0,,,,,,0,0,,,,,,0
1029900185,165,4,0,1,12:46 PM,2:29,Folkl REBOUND (Off:2 Def:2),,,,,4,100400,Kristin Folkl,1611661324.0,Minnesota,Lynx,MIN,0,0,,,,,,0,0,,,,,,0
1029900185,166,1,1,1,12:47 PM,2:16,Lloyd-Curry 3PT Jump Shot (3 PTS) (Tate 3 AST),,,31 - 32,1,4,100402,Andrea Lloyd-Curry,1611661324.0,Minnesota,Lynx,MIN,4,100406,Sonja Tate,1611661324.0,Minnesota,Lynx,MIN,0,0,,,,,,0
1029900185,167,1,6,1,12:47 PM,2:00,,,Powell Driving Layup (2 PTS),33 - 32,-1,5,100414,Elaine Powell,1611661323.0,Orlando,Miracle,ORL,0,0,,,,,,0,0,,,,,,0
1029900185,168,1,6,1,12:47 PM,1:47,K. Smith Driving Layup (4 PTS) (Burgess 3 AST),,,33 - 34,1,4,100404,Katie Smith,1611661324.0,Minnesota,Lynx,MIN,4,100401,Annie Burgess,1611661324.0,Minnesota,Lynx,MIN,0,0,,,,,,0
1029900185,169,2,5,1,12:47 PM,1:29,,,MISS McWilliams-Franklin Layup,,,5,100412,Taj McWilliams-Franklin,1611661323.0,Orlando,Miracle,ORL,0,0,,,,,,0,0,,,,,,0
1029900185,170,4,0,1,12:47 PM,1:28,,,Miracle Rebound,,,3,1611661323,,,,,,0,0,,,,,,0,0,,,,,,0
1029900185,171,8,0,1,12:48 PM,1:28,SUB: Edwards FOR Tate,,,,,4,100406,Sonja Tate,1611661324.0,Minnesota,Lynx,MIN,4,100398,Tonya Edwards,1611661324.0,Minnesota,Lynx,MIN,0,0,,,,,,0
1029900185,173,8,0,1,12:48 PM,1:28,,,SUB: Congreaves FOR McWilliams-Franklin,,,5,100412,Taj McWilliams-Franklin,1611661323.0,Orlando,Miracle,ORL,5,100065,Andrea Congreaves,1611661323.0,Orlando,Miracle,ORL,0,0,,,,,,0
1029900185,175,5,1,1,12:48 PM,1:20,,,Sam Bad Pass Turnover (P3.T10),,,5,100416,Sheri Sam,1611661323.0,Orlando,Miracle,ORL,0,0,,,,,,0,0,,,,,,0
1029900185,176,6,1,1,12:49 PM,1:00,,,S. Johnson P.FOUL (P1.PN),,,5,100410,Shannon Johnson,1611661323.0,Orlando,Miracle,ORL,0,0,,,,,,0,0,,,,,,0
1029900185,177,2,1,1,12:49 PM,0:41,MISS K. Smith 11' Jump Shot,,Powell BLOCK (1 BLK),,,4,100404,Katie Smith,1611661324.0,Minnesota,Lynx,MIN,0,0,,,,,,5,100414,Elaine Powell,1611661323.0,Orlando,Miracle,ORL,0
1029900185,178,4,0,1,12:49 PM,0:38,Burgess REBOUND (Off:2 Def:0),,,,,4,100401,Annie Burgess,1611661324.0,Minnesota,Lynx,MIN,0,0,,,,,,0,0,,,,,,0
1029900185,179,2,1,1,12:50 PM,0:36,MISS Edwards 3PT Jump Shot,,,,,4,100398,Tonya Edwards,1611661324.0,Minnesota,Lynx,MIN,0,0,,,,,,0,0,,,,,,0
1029900185,180,4,0,1,12:50 PM,0:33,Burgess REBOUND (Off:3 Def:0),,,,,4,100401,Annie Burgess,1611661324.0,Minnesota,Lynx,MIN,0,0,,,,,,0,0,,,,,,0
1029900185,181,9,1,1,12:50 PM,0:30,LYNX Timeout: Regular (Full 1 Short 0),,,,,2,1611661324,,,,,,0,0,,,,,,0,0,,,,,,0
1029900185,185,2,1,1,12:53 PM,0:05,MISS Edwards 3PT Jump Shot,,,,,4,100398,Tonya Edwards,1611661324.0,Minnesota,Lynx,MIN,0,0,,,,,,0,0,,,,,,0
1029900185,186,4,0,1,12:53 PM,0:04,,,Congreaves REBOUND (Off:0 Def:3),,,5,100065,Andrea Congreaves,1611661323.0,Orlando,Miracle,ORL,0,0,,,,,,0,0,,,,,,0
1029900185,187,1,6,1,12:53 PM,0:00,,,Sales Driving Layup (7 PTS) (S. Johnson 3 AST),35 - 34,-1,5,100415,Nykesha Sales,1611661323.0,Orlando,Miracle,ORL,5,100410,Shannon Johnson,1611661323.0,Orlando,Miracle,ORL,0,0,,,,,,0
1029900185,188,13,0,1,12:53 PM,0:00,,End of 1st Half (12:53 PM EST),,35 - 34,-1,0,0,,,,,,0,0,,,,,,0,0,,,,,,0
1029900185,190,12,0,2,1:09 PM,20:00,,Start of 2nd Half (1:09 PM EST),,35 - 34,-1,0,0,,,,,,0,0,,,,,,0,0,,,,,,0
1029900185,191,10,0,2,1:09 PM,20:00,Jump Ball Lloyd-Curry vs. McWilliams-Franklin: Tip to Edwards,,,,,4,100402,Andrea Lloyd-Curry,1611661324.0,Minnesota,Lynx,MIN,5,100412,Taj McWilliams-Franklin,1611661323.0,Orlando,Miracle,ORL,4,100398,Tonya Edwards,1611661324.0,Minnesota,Lynx,MIN,0
1029900185,192,2,1,2,1:10 PM,19:43,MISS K. Smith 14' Jump Shot,,,,,4,100404,Katie Smith,1611661324.0,Minnesota,Lynx,MIN,0,0,,,,,,0,0,,,,,,0
1029900185,193,4,0,2,1:10 PM,19:41,,,Sam REBOUND (Off:0 Def:3),,,5,100416,Sheri Sam,1611661323.0,Orlando,Miracle,ORL,0,0,,,,,,0,0,,,,,,0
1029900185,194,2,6,2,1:10 PM,19:37,,,MISS McWilliams-Franklin Driving Layup,,,5,100412,Taj McWilliams-Franklin,1611661323.0,Orlando,Miracle,ORL,0,0,,,,,,0,0,,,,,,0
1029900185,195,4,0,2,1:10 PM,19:32,,,McWilliams-Franklin REBOUND (Off:2 Def:0),,,5,100412,Taj McWilliams-Franklin,1611661323.0,Orlando,Miracle,ORL,0,0,,,,,,0,0,,,,,,0
1029900185,196,1,1,2,1:10 PM,19:30,,,Sales 11' Jump Shot (9 PTS) (McWilliams-Franklin 1 AST),37 - 34,-3,5,100415,Nykesha Sales,1611661323.0,Orlando,Miracle,ORL,5,100412,Taj McWilliams-Franklin,1611661323.0,Orlando,Miracle,ORL,0,0,,,,,,0
1029900185,197,1,6,2,1:11 PM,19:00,K. Smith Driving Layup (6 PTS),,,37 - 36,-1,4,100404,Katie Smith,1611661324.0,Minnesota,Lynx,MIN,0,0,,,,,,0,0,,,,,,0
1029900185,198,6,2,2,1:11 PM,19:00,,,S. Johnson S.FOUL (P2.T1),,,5,100410,Shannon Johnson,1611661323.0,Orlando,Miracle,ORL,0,0,,,,,,0,0,,,,,,0
1029900185,199,3,10,2,1:11 PM,19:00,MISS K. Smith Free Throw 1 of 1,,,,,4,100404,Katie Smith,1611661324.0,Minnesota,Lynx,MIN,0,0,,,,,,0,0,,,,,,0
1029900185,200,4,0,2,1:11 PM,18:59,,,McWilliams-Franklin REBOUND (Off:2 Def:1),,,5,100412,Taj McWilliams-Franklin,1611661323.0,Orlando,Miracle,ORL,0,0,,,,,,0,0,,,,,,0
1029900185,201,6,1,2,1:11 PM,18:44,Potthoff P.FOUL (P2.T1),,,,,4,100403,Angie Potthoff,1611661324.0,Minnesota,Lynx,MIN,0,0,,,,,,0,0,,,,,,0
1029900185,203,5,1,2,1:12 PM,18:39,Lloyd-Curry STEAL (1 STL),,S. Johnson Bad Pass Turnover (P3.T11),,,5,100410,Shannon Johnson,1611661323.0,Orlando,Miracle,ORL,4,100402,Andrea Lloyd-Curry,1611661324.0,Minnesota,Lynx,MIN,0,0,,,,,,0
1029900185,204,1,1,2,1:12 PM,18:23,Edwards 3PT Jump Shot (12 PTS) (Potthoff 1 AST),,,37 - 39,2,4,100398,Tonya Edwards,1611661324.0,Minnesota,Lynx,MIN,4,100403,Angie Potthoff,1611661324.0,Minnesota,Lynx,MIN,0,0,,,,,,0
1029900185,205,2,1,2,1:12 PM,18:11,,,MISS Sam 3PT Jump Shot,,,5,100416,Sheri Sam,1611661323.0,Orlando,Miracle,ORL,0,0,,,,,,0,0,,,,,,0
1029900185,206,4,0,2,1:12 PM,18:08,Lloyd-Curry REBOUND (Off:1 Def:2),,,,,4,100402,Andrea Lloyd-Curry,1611661324.0,Minnesota,Lynx,MIN,0,0,,,,,,0,0,,,,,,0
1029900185,207,2,1,2,1:12 PM,18:02,MISS Tate 3PT Jump Shot,,,,,4,100406,Sonja Tate,1611661324.0,Minnesota,Lynx,MIN,0,0,,,,,,0,0,,,,,,0
1029900185,208,4,0,2,1:12 PM,18:00,,,Sales REBOUND (Off:0 Def:4),,,5,100415,Nykesha Sales,1611661323.0,Orlando,Miracle,ORL,0,0,,,,,,0,0,,,,,,0
1029900185,209,8,0,2,1:13 PM,17:50,,,SUB: Powell FOR McWilliams-Franklin,,,5,100412,Taj McWilliams-Franklin,1611661323.0,Orlando,Miracle,ORL,5,100414,Elaine Powell,1611661323.0,Orlando,Miracle,ORL,0,0,,,,,,0
1029900185,210,1,6,2,1:13 PM,17:40,,,Powell Driving Layup (4 PTS) (S. Johnson 4 AST),39 - 39,TIE,5,100414,Elaine Powell,1611661323.0,Orlando,Miracle,ORL,5,100410,Shannon Johnson,1611661323.0,Orlando,Miracle,ORL,0,0,,,,,,0
1029900185,211,5,1,2,1:13 PM,17:28,K. Smith Bad Pass Turnover (P1.T8),,Sales STEAL (1 STL),,,4,100404,Katie Smith,1611661324.0,Minnesota,Lynx,MIN,5,100415,Nykesha Sales,1611661323.0,Orlando,Miracle,ORL,0,0,,,,,,0
1029900185,212,1,6,2,1:13 PM,17:23,,,S. Johnson Driving Layup (13 PTS),41 - 39,-2,5,100410,Shannon Johnson,1611661323.0,Orlando,Miracle,ORL,0,0,,,,,,0,0,,,,,,0
1029900185,213,2,1,2,1:14 PM,17:07,MISS Lloyd-Curry 17' Jump Shot,,,,,4,100402,Andrea Lloyd-Curry,1611661324.0,Minnesota,Lynx,MIN,0,0,,,,,,0,0,,,,,,0
1029900185,215,4,0,2,1:14 PM,17:05,Tate REBOUND (Off:1 Def:1),,,,,4,100406,Sonja Tate,1611661324.0,Minnesota,Lynx,MIN,0,0,,,,,,0,0,,,,,,0
1029900185,214,1,4,2,1:14 PM,17:05,Tate Tip Shot (5 PTS),,,41 - 41,TIE,4,100406,Sonja Tate,1611661324.0,Minnesota,Lynx,MIN,0,0,,,,,,0,0,,,,,,0
1029900185,216,5,1,2,1:14 PM,16:53,Potthoff STEAL (1 STL),,Sales Bad Pass Turnover (P1.T12),,,5,100415,Nykesha Sales,1611661323.0,Orlando,Miracle,ORL,4,100403,Angie Potthoff,1611661324.0,Minnesota,Lynx,MIN,0,0,,,,,,0
1029900185,217,6,1,2,1:14 PM,16:48,,,Sales P.FOUL (P3.T2),,,5,100415,Nykesha Sales,1611661323.0,Orlando,Miracle,ORL,0,0,,,,,,0,0,,,,,,0
1029900185,218,8,0,2,1:14 PM,16:48,SUB: Burgess FOR Potthoff,,,,,4,100403,Angie Potthoff,1611661324.0,Minnesota,Lynx,MIN,4,100401,Annie Burgess,1611661324.0,Minnesota,Lynx,MIN,0,0,,,,,,0
1029900185,220,2,1,2,1:15 PM,16:40,MISS K. Smith 16' Jump Shot,,,,,4,100404,Katie Smith,1611661324.0,Minnesota,Lynx,MIN,0,0,,,,,,0,0,,,,,,0
1029900185,221,4,0,2,1:15 PM,16:38,,,Sam REBOUND (Off:0 Def:4),,,5,100416,Sheri Sam,1611661323.0,Orlando,Miracle,ORL,0,0,,,,,,0,0,,,,,,0
1029900185,222,5,4,2,1:15 PM,16:23,,,Sam Traveling Turnover (P4.T13),,,5,100416,Sheri Sam,1611661323.0,Orlando,Miracle,ORL,0,0,,,,,,0,0,,,,,,0
1029900185,223,1,1,2,1:15 PM,16:12,Edwards 3PT Jump Shot (15 PTS) (K. Smith 3 AST),,,41 - 44,3,4,100398,Tonya Edwards,1611661324.0,Minnesota,Lynx,MIN,4,100404,Katie Smith,1611661324.0,Minnesota,Lynx,MIN,0,0,,,,,,0
1029900185,224,1,1,2,1:16 PM,15:45,,,S. Johnson 3PT Jump Shot (16 PTS) (Sales 3 AST),44 - 44,TIE,5,100410,Shannon Johnson,1611661323.0,Orlando,Miracle,ORL,5,100415,Nykesha Sales,1611661323.0,Orlando,Miracle,ORL,0,0,,,,,,0
1029900185,225,1,6,2,1:16 PM,15:36,Burgess Driving Layup (7 PTS),,,44 - 46,2,4,100401,Annie Burgess,1611661324.0,Minnesota,Lynx,MIN,0,0,,,,,,0,0,,,,,,0
1029900185,226,1,5,2,1:16 PM,15:22,,,Congreaves Layup (5 PTS) (Powell 2 AST),46 - 46,TIE,5,100065,Andrea Congreaves,1611661323.0,Orlando,Miracle,ORL,5,100414,Elaine Powell,1611661323.0,Orlando,Miracle,ORL,0,0,,,,,,0
1029900185,227,6,2,2,1:17 PM,15:04,,,Sales S.FOUL (P4.T3),,,5,100415,Nykesha Sales,1611661323.0,Orlando,Miracle,ORL,0,0,,,,,,0,0,,,,,,0
1029900185,228,9,4,2,1:17 PM,15:04,,Timeout: Official,,,,1,0,,,,,,0,0,,,,,,0,0,,,,,,0
1029900185,230,8,0,2,1:19 PM,15:04,SUB: Folkl FOR Lloyd-Curry,,,,,4,100402,Andrea Lloyd-Curry,1611661324.0,Minnesota,Lynx,MIN,4,100400,Kristin Folkl,1611661324.0,Minnesota,Lynx,MIN,0,0,,,,,,0
1029900185,231,8,0,2,1:19 PM,15:04,,,SUB: Phillips FOR Sales,,,5,100415,Nykesha Sales,1611661323.0,Orlando,Miracle,ORL,5,100413,Tari Phillips,1611661323.0,Orlando,Miracle,ORL,0,0,,,,,,0
1029900185,232,3,11,2,1:19 PM,15:04,Edwards Free Throw 1 of 2 (16 PTS),,,46 - 47,1,4,100398,Tonya Edwards,1611661324.0,Minnesota,Lynx,MIN,0,0,,,,,,0,0,,,,,,0
1029900185,233,3,12,2,1:19 PM,15:04,Edwards Free Throw 2 of 2 (17 PTS),,,46 - 48,2,4,100398,Tonya Edwards,1611661324.0,Minnesota,Lynx,MIN,0,0,,,,,,0,0,,,,,,0
1029900185,234,1,1,2,1:20 PM,14:45,,,Congreaves 3PT Jump Shot (8 PTS) (Sam 2 AST),49 - 48,-1,5,100065,Andrea Congreaves,1611661323.0,Orlando,Miracle,ORL,5,100416,Sheri Sam,1611661323.0,Orlando,Miracle,ORL,0,0,,,,,,0
1029900185,235,2,1,2,1:20 PM,14:24,MISS Tate 3PT Jump Shot,,,,,4,100406,Sonja Tate,1611661324.0,Minnesota,Lynx,MIN,0,0,,,,,,0,0,,,,,,0
1029900185,236,4,0,2,1:20 PM,14:22,LYNX Rebound,,,,,2,1611661324,,,,,,0,0,,,,,,0,0,,,,,,0
1029900185,237,6,3,2,1:20 PM,14:22,,,Powell L.B.FOUL (P3.T4),,,5,100414,Elaine Powell,1611661323.0,Orlando,Miracle,ORL,0,0,,,,,,0,0,,,,,,0
1029900185,238,8,0,2,1:21 PM,14:22,,,SUB: McWilliams-Franklin FOR Phillips,,,5,100413,Tari Phillips,1611661323.0,Orlando,Miracle,ORL,5,100412,Taj McWilliams-Franklin,1611661323.0,Orlando,Miracle,ORL,0,0,,,,,,0
1029900185,239,2,5,2,1:21 PM,14:10,MISS Folkl Layup,,,,,4,100400,Kristin Folkl,1611661324.0,Minnesota,Lynx,MIN,0,0,,,,,,0,0,,,,,,0
1029900185,240,4,0,2,1:21 PM,14:08,,,Sam REBOUND (Off:0 Def:5),,,5,100416,Sheri Sam,1611661323.0,Orlando,Miracle,ORL,0,0,,,,,,0,0,,,,,,0
1029900185,241,6,1,2,1:21 PM,13:55,Edwards P.FOUL (P3.T2),,,,,4,100398,Tonya Edwards,1611661324.0,Minnesota,Lynx,MIN,0,0,,,,,,0,0,,,,,,0
1029900185,243,2,1,2,1:22 PM,13:42,,,MISS S. Johnson 3PT Jump Shot,,,5,100410,Shannon Johnson,1611661323.0,Orlando,Miracle,ORL,0,0,,,,,,0,0,,,,,,0
1029900185,244,4,0,2,1:22 PM,13:40,,,McWilliams-Franklin REBOUND (Off:3 Def:1),,,5,100412,Taj McWilliams-Franklin,1611661323.0,Orlando,Miracle,ORL,0,0,,,,,,0,0,,,,,,0
1029900185,245,1,5,2,1:22 PM,13:39,,,Congreaves Layup (10 PTS) (McWilliams-Franklin 2 AST),51 - 48,-3,5,100065,Andrea Congreaves,1611661323.0,Orlando,Miracle,ORL,5,100412,Taj McWilliams-Franklin,1611661323.0,Orlando,Miracle,ORL,0,0,,,,,,0
1029900185,246,2,1,2,1:22 PM,13:21,MISS Burgess 3PT Jump Shot,,,,,4,100401,Annie Burgess,1611661324.0,Minnesota,Lynx,MIN,0,0,,,,,,0,0,,,,,,0
1029900185,247,4,0,2,1:22 PM,13:18,,,S. Johnson REBOUND (Off:2 Def:3),,,5,100410,Shannon Johnson,1611661323.0,Orlando,Miracle,ORL,0,0,,,,,,0,0,,,,,,0
1029900185,248,6,1,2,1:22 PM,13:17,Burgess P.FOUL (P1.T3),,,,,4,100401,Annie Burgess,1611661324.0,Minnesota,Lynx,MIN,0,0,,,,,,0,0,,,,,,0
1029900185,249,8,0,2,1:22 PM,13:17,SUB: Potthoff FOR Folkl,,,,,4,100400,Kristin Folkl,1611661324.0,Minnesota,Lynx,MIN,4,100403,Angie Potthoff,1611661324.0,Minnesota,Lynx,MIN,0,0,,,,,,0
1029900185,250,2,1,2,1:23 PM,13:04,Edwards BLOCK (1 BLK),,MISS S. Johnson 11' Jump Shot,,,5,100410,Shannon Johnson,1611661323.0,Orlando,Miracle,ORL,0,0,,,,,,4,100398,Tonya Edwards,1611661324.0,Minnesota,Lynx,MIN,0
1029900185,251,4,0,2,1:23 PM,13:01,Tate REBOUND (Off:1 Def:2),,,,,4,100406,Sonja Tate,1611661324.0,Minnesota,Lynx,MIN,0,0,,,,,,0,0,,,,,,0
1029900185,252,6,1,2,1:23 PM,12:48,,,S. Johnson P.FOUL (P3.PN),,,5,100410,Shannon Johnson,1611661323.0,Orlando,Miracle,ORL,0,0,,,,,,0,0,,,,,,0
1029900185,253,1,5,2,1:24 PM,12:31,Burgess Layup (9 PTS) (Edwards 4 AST),,,51 - 50,-1,4,100401,Annie Burgess,1611661324.0,Minnesota,Lynx,MIN,4,100398,Tonya Edwards,1611661324.0,Minnesota,Lynx,MIN,0,0,,,,,,0
1029900185,254,2,6,2,1:24 PM,12:15,,,MISS Sam Driving Layup,,,5,100416,Sheri Sam,1611661323.0,Orlando,Miracle,ORL,0,0,,,,,,0,0,,,,,,0
1029900185,255,4,0,2,1:24 PM,12:12,Potthoff REBOUND (Off:0 Def:2),,,,,4,100403,Angie Potthoff,1611661324.0,Minnesota,Lynx,MIN,0,0,,,,,,0,0,,,,,,0
1029900185,256,2,1,2,1:24 PM,11:48,MISS Burgess 9' Jump Shot,,,,,4,100401,Annie Burgess,1611661324.0,Minnesota,Lynx,MIN,0,0,,,,,,0,0,,,,,,0
1029900185,257,4,0,2,1:24 PM,11:46,Potthoff REBOUND (Off:1 Def:2),,,,,4,100403,Angie Potthoff,1611661324.0,Minnesota,Lynx,MIN,0,0,,,,,,0,0,,,,,,0
1029900185,258,1,5,2,1:24 PM,11:45,Potthoff Layup (2 PTS),,,51 - 52,1,4,100403,Angie Potthoff,1611661324.0,Minnesota,Lynx,MIN,0,0,,,,,,0,0,,,,,,0
1029900185,259,6,2,2,1:24 PM,11:45,,,Powell S.FOUL (P4.PN),,,5,100414,Elaine Powell,1611661323.0,Orlando,Miracle,ORL,0,0,,,,,,0,0,,,,,,0
1029900185,260,9,4,2,1:25 PM,11:45,,Timeout: Official,,,,1,0,,,,,,0,0,,,,,,0,0,,,,,,0
1029900185,264,3,10,2,1:27 PM,11:45,MISS Potthoff Free Throw 1 of 1,,,,,4,100403,Angie Potthoff,1611661324.0,Minnesota,Lynx,MIN,0,0,,,,,,0,0,,,,,,0
1029900185,265,4,0,2,1:27 PM,11:45,,,McWilliams-Franklin REBOUND (Off:3 Def:2),,,5,100412,Taj McWilliams-Franklin,1611661323.0,Orlando,Miracle,ORL,0,0,,,,,,0,0,,,,,,0
1029900185,266,1,6,2,1:28 PM,11:35,,,McWilliams-Franklin Driving Layup (7 PTS) (Powell 3 AST),53 - 52,-1,5,100412,Taj McWilliams-Franklin,1611661323.0,Orlando,Miracle,ORL,5,100414,Elaine Powell,1611661323.0,Orlando,Miracle,ORL,0,0,,,,,,0
1029900185,267,1,1,2,1:28 PM,11:14,Edwards 3PT Jump Shot (20 PTS) (Burgess 4 AST),,,53 - 55,2,4,100398,Tonya Edwards,1611661324.0,Minnesota,Lynx,MIN,4,100401,Annie Burgess,1611661324.0,Minnesota,Lynx,MIN,0,0,,,,,,0
1029900185,268,1,1,2,1:28 PM,10:48,,,Congreaves 3PT Jump Shot (13 PTS) (S. Johnson 5 AST),56 - 55,-1,5,100065,Andrea Congreaves,1611661323.0,Orlando,Miracle,ORL,5,100410,Shannon Johnson,1611661323.0,Orlando,Miracle,ORL,0,0,,,,,,0
1029900185,269,2,6,2,1:29 PM,10:29,MISS Burgess Driving Layup,,,,,4,100401,Annie Burgess,1611661324.0,Minnesota,Lynx,MIN,0,0,,,,,,0,0,,,,,,0
1029900185,270,4,0,2,1:29 PM,10:27,,,Powell REBOUND (Off:1 Def:1),,,5,100414,Elaine Powell,1611661323.0,Orlando,Miracle,ORL,0,0,,,,,,0,0,,,,,,0
1029900185,271,2,6,2,1:29 PM,10:23,,,MISS Sam Driving Layup,,,5,100416,Sheri Sam,1611661323.0,Orlando,Miracle,ORL,0,0,,,,,,0,0,,,,,,0
1029900185,272,4,0,2,1:29 PM,10:19,Tate REBOUND (Off:1 Def:3),,,,,4,100406,Sonja Tate,1611661324.0,Minnesota,Lynx,MIN,0,0,,,,,,0,0,,,,,,0
1029900185,273,1,6,2,1:29 PM,9:59,K. Smith Driving Layup (8 PTS),,,56 - 57,1,4,100404,Katie Smith,1611661324.0,Minnesota,Lynx,MIN,0,0,,,,,,0,0,,,,,,0
1029900185,274,2,1,2,1:30 PM,9:27,,,MISS S. Johnson 3PT Jump Shot,,,5,100410,Shannon Johnson,1611661323.0,Orlando,Miracle,ORL,0,0,,,,,,0,0,,,,,,0
1029900185,275,4,0,2,1:30 PM,9:26,K. Smith REBOUND (Off:0 Def:1),,,,,4,100404,Katie Smith,1611661324.0,Minnesota,Lynx,MIN,0,0,,,,,,0,0,,,,,,0
1029900185,276,5,1,2,1:30 PM,9:20,K. Smith Bad Pass Turnover (P2.T9),,,,,4,100404,Katie Smith,1611661324.0,Minnesota,Lynx,MIN,0,0,,,,,,0,0,,,,,,0
1029900185,277,8,0,2,1:30 PM,9:20,SUB: Lloyd-Curry FOR Potthoff,,,,,4,100403,Angie Potthoff,1611661324.0,Minnesota,Lynx,MIN,4,100402,Andrea Lloyd-Curry,1611661324.0,Minnesota,Lynx,MIN,0,0,,,,,,0
1029900185,278,2,1,2,1:30 PM,9:07,,,MISS Powell 3PT Jump Shot,,,5,100414,Elaine Powell,1611661323.0,Orlando,Miracle,ORL,0,0,,,,,,0,0,,,,,,0
1029900185,279,4,0,2,1:30 PM,9:05,Tate REBOUND (Off:1 Def:4),,,,,4,100406,Sonja Tate,1611661324.0,Minnesota,Lynx,MIN,0,0,,,,,,0,0,,,,,,0
1029900185,281,2,1,2,1:30 PM,8:59,MISS Edwards 3PT Jump Shot,,,,,4,100398,Tonya Edwards,1611661324.0,Minnesota,Lynx,MIN,0,0,,,,,,0,0,,,,,,0
1029900185,282,4,0,2,1:30 PM,8:55,,,Sam REBOUND (Off:0 Def:6),,,5,100416,Sheri Sam,1611661323.0,Orlando,Miracle,ORL,0,0,,,,,,0,0,,,,,,0
1029900185,283,6,2,2,1:31 PM,8:45,Edwards S.FOUL (P4.T4),,,,,4,100398,Tonya Edwards,1611661324.0,Minnesota,Lynx,MIN,0,0,,,,,,0,0,,,,,,0
1029900185,284,8,0,2,1:31 PM,8:45,SUB: Folkl FOR Burgess,,,,,4,100401,Annie Burgess,1611661324.0,Minnesota,Lynx,MIN,4,100400,Kristin Folkl,1611661324.0,Minnesota,Lynx,MIN,0,0,,,,,,0
1029900185,285,3,11,2,1:31 PM,8:45,,,MISS McWilliams-Franklin Free Throw 1 of 2,,,5,100412,Taj McWilliams-Franklin,1611661323.0,Orlando,Miracle,ORL,0,0,,,,,,0,0,,,,,,0
1029900185,286,4,1,2,1:31 PM,8:45,,,Miracle Rebound,,,3,1611661323,,,,,,0,0,,,,,,0,0,,,,,,0
1029900185,287,3,12,2,1:31 PM,8:45,,,McWilliams-Franklin Free Throw 2 of 2 (8 PTS),57 - 57,TIE,5,100412,Taj McWilliams-Franklin,1611661323.0,Orlando,Miracle,ORL,0,0,,,,,,0,0,,,,,,0
1029900185,288,5,1,2,1:32 PM,8:30,Tate Bad Pass Turnover (P3.T10),,Sam STEAL (1 STL),,,4,100406,Sonja Tate,1611661324.0,Minnesota,Lynx,MIN,5,100416,Sheri Sam,1611661323.0,Orlando,Miracle,ORL,0,0,,,,,,0
1029900185,289,2,2,2,1:32 PM,8:21,,,MISS S. Johnson 7' Running Jump Shot,,,5,100410,Shannon Johnson,1611661323.0,Orlando,Miracle,ORL,0,0,,,,,,0,0,,,,,,0
1029900185,290,4,0,2,1:32 PM,8:18,Folkl REBOUND (Off:2 Def:3),,,,,4,100400,Kristin Folkl,1611661324.0,Minnesota,Lynx,MIN,0,0,,,,,,0,0,,,,,,0
1029900185,291,2,6,2,1:32 PM,8:02,MISS Edwards Driving Layup,,,,,4,100398,Tonya Edwards,1611661324.0,Minnesota,Lynx,MIN,0,0,,,,,,0,0,,,,,,0
1029900185,292,4,0,2,1:32 PM,8:00,Folkl REBOUND (Off:3 Def:3),,,,,4,100400,Kristin Folkl,1611661324.0,Minnesota,Lynx,MIN,0,0,,,,,,0,0,,,,,,0
1029900185,293,2,5,2,1:32 PM,7:57,MISS Folkl Layup,,McWilliams-Franklin BLOCK (2 BLK),,,4,100400,Kristin Folkl,1611661324.0,Minnesota,Lynx,MIN,0,0,,,,,,5,100412,Taj McWilliams-Franklin,1611661323.0,Orlando,Miracle,ORL,0
1029900185,294,4,0,2,1:32 PM,7:54,,,Sam REBOUND (Off:0 Def:7),,,5,100416,Sheri Sam,1611661323.0,Orlando,Miracle,ORL,0,0,,,,,,0,0,,,,,,0
1029900185,295,1,5,2,1:32 PM,7:47,,,McWilliams-Franklin Layup (10 PTS) (Sam 3 AST),59 - 57,-2,5,100412,Taj McWilliams-Franklin,1611661323.0,Orlando,Miracle,ORL,5,100416,Sheri Sam,1611661323.0,Orlando,Miracle,ORL,0,0,,,,,,0
1029900185,296,2,6,2,1:33 PM,7:29,MISS Edwards Driving Layup,,,,,4,100398,Tonya Edwards,1611661324.0,Minnesota,Lynx,MIN,0,0,,,,,,0,0,,,,,,0
1029900185,298,4,0,2,1:33 PM,7:27,Folkl REBOUND (Off:4 Def:3),,,,,4,100400,Kristin Folkl,1611661324.0,Minnesota,Lynx,MIN,0,0,,,,,,0,0,,,,,,0
1029900185,297,1,5,2,1:33 PM,7:26,Folkl Layup (12 PTS),,,59 - 59,TIE,4,100400,Kristin Folkl,1611661324.0,Minnesota,Lynx,MIN,0,0,,,,,,0,0,,,,,,0
1029900185,300,6,1,2,1:33 PM,7:08,Edwards P.FOUL (P5.PN),,,,,4,100398,Tonya Edwards,1611661324.0,Minnesota,Lynx,MIN,0,0,,,,,,0,0,,,,,,0
1029900185,301,9,4,2,1:33 PM,7:08,,Timeout: Official,,,,1,0,,,,,,0,0,,,,,,0,0,,,,,,0
1029900185,302,8,0,2,1:36 PM,7:08,SUB: Burgess FOR Edwards,,,,,4,100398,Tonya Edwards,1611661324.0,Minnesota,Lynx,MIN,4,100401,Annie Burgess,1611661324.0,Minnesota,Lynx,MIN,0,0,,,,,,0
1029900185,303,8,0,2,1:36 PM,7:08,,,SUB: McGhee FOR McWilliams-Franklin,,,5,100412,Taj McWilliams-Franklin,1611661323.0,Orlando,Miracle,ORL,5,100411,Carla McGhee,1611661323.0,Orlando,Miracle,ORL,0,0,,,,,,0
1029900185,304,8,0,2,1:36 PM,7:08,,,SUB: Sales FOR S. Johnson,,,5,100410,Shannon Johnson,1611661323.0,Orlando,Miracle,ORL,5,100415,Nykesha Sales,1611661323.0,Orlando,Miracle,ORL,0,0,,,,,,0
1029900185,305,2,1,2,1:36 PM,7:03,Folkl BLOCK (1 BLK),,MISS Congreaves 14' Jump Shot,,,5,100065,Andrea Congreaves,1611661323.0,Orlando,Miracle,ORL,0,0,,,,,,4,100400,Kristin Folkl,1611661324.0,Minnesota,Lynx,MIN,0
1029900185,306,4,0,2,1:36 PM,7:03,,,Miracle Rebound,,,3,1611661323,,,,,,0,0,,,,,,0,0,,,,,,0
1029900185,307,2,5,2,1:36 PM,7:01,,,MISS Sam Layup,,,5,100416,Sheri Sam,1611661323.0,Orlando,Miracle,ORL,0,0,,,,,,0,0,,,,,,0
1029900185,308,4,0,2,1:36 PM,6:58,Burgess REBOUND (Off:3 Def:1),,,,,4,100401,Annie Burgess,1611661324.0,Minnesota,Lynx,MIN,0,0,,,,,,0,0,,,,,,0
1029900185,309,1,5,2,1:36 PM,6:54,Folkl Layup (14 PTS) (Burgess 5 AST),,,59 - 61,2,4,100400,Kristin Folkl,1611661324.0,Minnesota,Lynx,MIN,4,100401,Annie Burgess,1611661324.0,Minnesota,Lynx,MIN,0,0,,,,,,0
1029900185,310,1,1,2,1:37 PM,6:37,,,Congreaves 3PT Jump Shot (16 PTS) (Sales 4 AST),62 - 61,-1,5,100065,Andrea Congreaves,1611661323.0,Orlando,Miracle,ORL,5,100415,Nykesha Sales,1611661323.0,Orlando,Miracle,ORL,0,0,,,,,,0
1029900185,311,2,1,2,1:37 PM,6:14,MISS Lloyd-Curry 3PT Jump Shot,,,,,4,100402,Andrea Lloyd-Curry,1611661324.0,Minnesota,Lynx,MIN,0,0,,,,,,0,0,,,,,,0
1029900185,312,4,0,2,1:37 PM,6:11,K. Smith REBOUND (Off:1 Def:1),,,,,4,100404,Katie Smith,1611661324.0,Minnesota,Lynx,MIN,0,0,,,,,,0,0,,,,,,0
1029900185,313,1,5,2,1:37 PM,6:01,Folkl Layup (16 PTS) (K. Smith 4 AST),,,62 - 63,1,4,100400,Kristin Folkl,1611661324.0,Minnesota,Lynx,MIN,4,100404,Katie Smith,1611661324.0,Minnesota,Lynx,MIN,0,0,,,,,,0
1029900185,314,1,1,2,1:37 PM,5:43,,,Sales 17' Jump Shot (11 PTS) (Congreaves 2 AST),64 - 63,-1,5,100415,Nykesha Sales,1611661323.0,Orlando,Miracle,ORL,5,100065,Andrea Congreaves,1611661323.0,Orlando,Miracle,ORL,0,0,,,,,,0
1029900185,315,1,1,2,1:38 PM,5:32,Lloyd-Curry 3PT Jump Shot (6 PTS) (Burgess 6 AST),,,64 - 66,2,4,100402,Andrea Lloyd-Curry,1611661324.0,Minnesota,Lynx,MIN,4,100401,Annie Burgess,1611661324.0,Minnesota,Lynx,MIN,0,0,,,,,,0
1029900185,317,6,1,2,1:38 PM,5:13,Tate P.FOUL (P2.PN),,,,,4,100406,Sonja Tate,1611661324.0,Minnesota,Lynx,MIN,0,0,,,,,,0,0,,,,,,0
1029900185,318,8,0,2,1:38 PM,5:13,,,SUB: McWilliams-Franklin FOR Congreaves,,,5,100065,Andrea Congreaves,1611661323.0,Orlando,Miracle,ORL,5,100412,Taj McWilliams-Franklin,1611661323.0,Orlando,Miracle,ORL,0,0,,,,,,0
1029900185,319,5,4,2,1:39 PM,4:58,,,McWilliams-Franklin Traveling Turnover (P2.T14),,,5,100412,Taj McWilliams-Franklin,1611661323.0,Orlando,Miracle,ORL,0,0,,,,,,0,0,,,,,,0
1029900185,320,5,1,2,1:39 PM,4:37,Lloyd-Curry Bad Pass Turnover (P2.T11),,,,,4,100402,Andrea Lloyd-Curry,1611661324.0,Minnesota,Lynx,MIN,0,0,,,,,,0,0,,,,,,0
1029900185,321,1,1,2,1:39 PM,4:26,,,Sam 3PT Jump Shot (10 PTS) (Sales 5 AST),67 - 66,-1,5,100416,Sheri Sam,1611661323.0,Orlando,Miracle,ORL,5,100415,Nykesha Sales,1611661323.0,Orlando,Miracle,ORL,0,0,,,,,,0
1029900185,322,5,1,2,1:40 PM,4:05,Burgess Bad Pass Turnover (P1.T12),,,,,4,100401,Annie Burgess,1611661324.0,Minnesota,Lynx,MIN,0,0,,,,,,0,0,,,,,,0
1029900185,323,8,0,2,1:40 PM,4:05,SUB: Edwards FOR Lloyd-Curry,,,,,4,100402,Andrea Lloyd-Curry,1611661324.0,Minnesota,Lynx,MIN,4,100398,Tonya Edwards,1611661324.0,Minnesota,Lynx,MIN,0,0,,,,,,0
1029900185,325,6,1,2,1:40 PM,3:54,Edwards P.FOUL (P6.PN),,,,,4,100398,Tonya Edwards,1611661324.0,Minnesota,Lynx,MIN,0,0,,,,,,0,0,,,,,,0
1029900185,326,8,0,2,1:41 PM,3:54,SUB: Potthoff FOR Edwards,,,,,4,100398,Tonya Edwards,1611661324.0,Minnesota,Lynx,MIN,4,100403,Angie Potthoff,1611661324.0,Minnesota,Lynx,MIN,0,0,,,,,,0
1029900185,327,9,4,2,1:41 PM,3:54,,Timeout: Official,,,,1,0,,,,,,0,0,,,,,,0,0,,,,,,0
1029900185,331,1,1,2,1:43 PM,3:47,,,McWilliams-Franklin 5' Jump Shot (12 PTS) (Sam 4 AST),69 - 66,-3,5,100412,Taj McWilliams-Franklin,1611661323.0,Orlando,Miracle,ORL,5,100416,Sheri Sam,1611661323.0,Orlando,Miracle,ORL,0,0,,,,,,0
1029900185,332,2,1,2,1:44 PM,3:29,MISS Burgess 3PT Jump Shot,,,,,4,100401,Annie Burgess,1611661324.0,Minnesota,Lynx,MIN,0,0,,,,,,0,0,,,,,,0
1029900185,333,4,0,2,1:44 PM,3:26,Folkl REBOUND (Off:5 Def:3),,,,,4,100400,Kristin Folkl,1611661324.0,Minnesota,Lynx,MIN,0,0,,,,,,0,0,,,,,,0
1029900185,334,1,1,2,1:44 PM,3:21,K. Smith 3PT Jump Shot (11 PTS) (Burgess 7 AST),,,69 - 69,TIE,4,100404,Katie Smith,1611661324.0,Minnesota,Lynx,MIN,4,100401,Annie Burgess,1611661324.0,Minnesota,Lynx,MIN,0,0,,,,,,0
1029900185,335,6,1,2,1:44 PM,3:06,Tate P.FOUL (P3.PN),,,,,4,100406,Sonja Tate,1611661324.0,Minnesota,Lynx,MIN,0,0,,,,,,0,0,,,,,,0
1029900185,336,3,11,2,1:44 PM,3:06,,,McWilliams-Franklin Free Throw 1 of 2 (13 PTS),70 - 69,-1,5,100412,Taj McWilliams-Franklin,1611661323.0,Orlando,Miracle,ORL,0,0,,,,,,0,0,,,,,,0
1029900185,337,8,0,2,1:45 PM,3:06,,,SUB: S. Johnson FOR McGhee,,,5,100411,Carla McGhee,1611661323.0,Orlando,Miracle,ORL,5,100410,Shannon Johnson,1611661323.0,Orlando,Miracle,ORL,0,0,,,,,,0
1029900185,338,3,12,2,1:45 PM,3:06,,,McWilliams-Franklin Free Throw 2 of 2 (14 PTS),71 - 69,-2,5,100412,Taj McWilliams-Franklin,1611661323.0,Orlando,Miracle,ORL,0,0,,,,,,0,0,,,,,,0
1029900185,339,2,1,2,1:45 PM,2:48,MISS Burgess 7' Jump Shot,,McWilliams-Franklin BLOCK (3 BLK),,,4,100401,Annie Burgess,1611661324.0,Minnesota,Lynx,MIN,0,0,,,,,,5,100412,Taj McWilliams-Franklin,1611661323.0,Orlando,Miracle,ORL,0
1029900185,340,4,0,2,1:45 PM,2:46,,,McWilliams-Franklin REBOUND (Off:3 Def:3),,,5,100412,Taj McWilliams-Franklin,1611661323.0,Orlando,Miracle,ORL,0,0,,,,,,0,0,,,,,,0
1029900185,341,2,5,2,1:46 PM,2:28,,,MISS Sales Layup,,,5,100415,Nykesha Sales,1611661323.0,Orlando,Miracle,ORL,0,0,,,,,,0,0,,,,,,0
1029900185,342,4,0,2,1:46 PM,2:25,Tate REBOUND (Off:1 Def:5),,,,,4,100406,Sonja Tate,1611661324.0,Minnesota,Lynx,MIN,0,0,,,,,,0,0,,,,,,0
1029900185,343,1,1,2,1:46 PM,2:06,K. Smith 3PT Jump Shot (14 PTS) (Tate 4 AST),,,71 - 72,1,4,100404,Katie Smith,1611661324.0,Minnesota,Lynx,MIN,4,100406,Sonja Tate,1611661324.0,Minnesota,Lynx,MIN,0,0,,,,,,0
1029900185,344,2,1,2,1:46 PM,1:39,,,MISS S. Johnson 10' Jump Shot,,,5,100410,Shannon Johnson,1611661323.0,Orlando,Miracle,ORL,0,0,,,,,,0,0,,,,,,0
1029900185,345,4,0,2,1:47 PM,1:38,LYNX Rebound,,,,,2,1611661324,,,,,,0,0,,,,,,0,0,,,,,,0
1029900185,346,6,3,2,1:47 PM,1:38,,,McWilliams-Franklin L.B.FOUL (P1.PN),,,5,100412,Taj McWilliams-Franklin,1611661323.0,Orlando,Miracle,ORL,0,0,,,,,,0,0,,,,,,0
1029900185,347,2,1,2,1:47 PM,1:10,MISS Potthoff 14' Jump Shot,,,,,4,100403,Angie Potthoff,1611661324.0,Minnesota,Lynx,MIN,0,0,,,,,,0,0,,,,,,0
1029900185,348,4,0,2,1:47 PM,1:09,,,Sales REBOUND (Off:0 Def:5),,,5,100415,Nykesha Sales,1611661323.0,Orlando,Miracle,ORL,0,0,,,,,,0,0,,,,,,0
1029900185,350,1,5,2,1:48 PM,0:58,,,McWilliams-Franklin Layup (16 PTS) (Powell 4 AST),73 - 72,-1,5,100412,Taj McWilliams-Franklin,1611661323.0,Orlando,Miracle,ORL,5,100414,Elaine Powell,1611661323.0,Orlando,Miracle,ORL,0,0,,,,,,0
1029900185,351,9,2,2,1:48 PM,0:52,LYNX Timeout: Short (Full 1 Short 1),,,,,2,1611661324,,,,,,0,0,,,,,,0,0,,,,,,0
1029900185,354,5,2,2,1:49 PM,0:35,Potthoff Lost Ball Turnover (P2.T13),,Sam STEAL (2 STL),,,4,100403,Angie Potthoff,1611661324.0,Minnesota,Lynx,MIN,5,100416,Sheri Sam,1611661323.0,Orlando,Miracle,ORL,0,0,,,,,,0
1029900185,355,6,1,2,1:49 PM,0:28,Burgess P.FOUL (P2.PN),,,,,4,100401,Annie Burgess,1611661324.0,Minnesota,Lynx,MIN,0,0,,,,,,0,0,,,,,,0
1029900185,356,3,11,2,1:50 PM,0:28,,,MISS S. Johnson Free Throw 1 of 2,,,5,100410,Shannon Johnson,1611661323.0,Orlando,Miracle,ORL,0,0,,,,,,0,0,,,,,,0
1029900185,357,4,1,2,1:50 PM,0:28,,,Miracle Rebound,,,3,1611661323,,,,,,0,0,,,,,,0,0,,,,,,0
1029900185,358,3,12,2,1:50 PM,0:28,,,S. Johnson Free Throw 2 of 2 (17 PTS),74 - 72,-2,5,100410,Shannon Johnson,1611661323.0,Orlando,Miracle,ORL,0,0,,,,,,0,0,,,,,,0
1029900185,359,9,1,2,1:50 PM,0:21,LYNX Timeout: Regular (Full 2 Short 1),,,,,2,1611661324,,,,,,0,0,,,,,,0,0,,,,,,0
1029900185,362,8,0,2,1:53 PM,0:21,SUB: Lloyd-Curry FOR Potthoff,,,,,4,100403,Angie Potthoff,1611661324.0,Minnesota,Lynx,MIN,4,100402,Andrea Lloyd-Curry,1611661324.0,Minnesota,Lynx,MIN,0,0,,,,,,0
1029900185,363,1,5,2,1:53 PM,0:07,Folkl Layup (18 PTS) (Tate 5 AST),,,74 - 74,TIE,4,100400,Kristin Folkl,1611661324.0,Minnesota,Lynx,MIN,4,100406,Sonja Tate,1611661324.0,Minnesota,Lynx,MIN,0,0,,,,,,0
1029900185,364,9,2,2,1:53 PM,0:06,,,Miracle Timeout: Short (Reg.0 Short 1),,,3,1611661323,,,,,,0,0,,,,,,0,0,,,,,,0
1029900185,368,2,6,2,1:54 PM,0:01,,,MISS Powell Driving Layup,,,5,100414,Elaine Powell,1611661323.0,Orlando,Miracle,ORL,0,0,,,,,,0,0,,,,,,0
1029900185,369,4,0,2,1:54 PM,0:00,,,Miracle Rebound,,,3,1611661323,,,,,,0,0,,,,,,0,0,,,,,,0
1029900185,370,13,0,2,1:54 PM,0:00,,End of 2nd Half (1:54 PM EST),,74 - 74,TIE,0,0,,,,,,0,0,,,,,,0,0,,,,,,0
1029900185,372,12,0,3,1:57 PM,5:00,,Start of 1st OT (1:57 PM EST),,74 - 74,TIE,0,0,,,,,,0,0,,,,,,0,0,,,,,,0
1029900185,373,10,0,3,1:57 PM,5:00,Jump Ball Folkl vs. McWilliams-Franklin: Tip to Sales,,,,,4,100400,Kristin Folkl,1611661324.0,Minnesota,Lynx,MIN,5,100412,Taj McWilliams-Franklin,1611661323.0,Orlando,Miracle,ORL,5,100415,Nykesha Sales,1611661323.0,Orlando,Miracle,ORL,0
1029900185,374,5,1,3,1:57 PM,4:49,,,S. Johnson Bad Pass Turnover (P4.T15),,,5,100410,Shannon Johnson,1611661323.0,Orlando,Miracle,ORL,0,0,,,,,,0,0,,,,,,0
1029900185,375,2,1,3,1:58 PM,4:26,MISS K. Smith 8' Jump Shot,,,,,4,100404,Katie Smith,1611661324.0,Minnesota,Lynx,MIN,0,0,,,,,,0,0,,,,,,0
1029900185,376,4,0,3,1:58 PM,4:25,,,Miracle Rebound,,,3,1611661323,,,,,,0,0,,,,,,0,0,,,,,,0
1029900185,377,6,1,3,1:58 PM,4:25,K. Smith P.FOUL (P2.T1),,,,,4,100404,Katie Smith,1611661324.0,Minnesota,Lynx,MIN,0,0,,,,,,0,0,,,,,,0
1029900185,378,2,1,3,1:58 PM,4:17,,,MISS Sam 3PT Jump Shot,,,5,100416,Sheri Sam,1611661323.0,Orlando,Miracle,ORL,0,0,,,,,,0,0,,,,,,0
1029900185,379,4,0,3,1:58 PM,4:16,LYNX Rebound,,,,,2,1611661324,,,,,,0,0,,,,,,0,0,,,,,,0
1029900185,380,2,1,3,1:58 PM,4:02,MISS K. Smith 3PT Jump Shot,,,,,4,100404,Katie Smith,1611661324.0,Minnesota,Lynx,MIN,0,0,,,,,,0,0,,,,,,0
1029900185,381,4,0,3,1:58 PM,3:57,,,Powell REBOUND (Off:1 Def:2),,,5,100414,Elaine Powell,1611661323.0,Orlando,Miracle,ORL,0,0,,,,,,0,0,,,,,,0
1029900185,382,2,1,3,1:59 PM,3:44,,,MISS S. Johnson 10' Jump Shot,,,5,100410,Shannon Johnson,1611661323.0,Orlando,Miracle,ORL,0,0,,,,,,0,0,,,,,,0
1029900185,383,4,0,3,1:59 PM,3:43,,,McWilliams-Franklin REBOUND (Off:4 Def:3),,,5,100412,Taj McWilliams-Franklin,1611661323.0,Orlando,Miracle,ORL,0,0,,,,,,0,0,,,,,,0
1029900185,384,1,1,3,1:59 PM,3:39,,,Sales 12' Jump Shot (13 PTS) (McWilliams-Franklin 3 AST),76 - 74,-2,5,100415,Nykesha Sales,1611661323.0,Orlando,Miracle,ORL,5,100412,Taj McWilliams-Franklin,1611661323.0,Orlando,Miracle,ORL,0,0,,,,,,0
1029900185,385,2,1,3,1:59 PM,3:09,MISS Tate 25' 3PT Jump Shot,,,,,4,100406,Sonja Tate,1611661324.0,Minnesota,Lynx,MIN,0,0,,,,,,0,0,,,,,,0
1029900185,386,4,0,3,1:59 PM,3:06,,,McWilliams-Franklin REBOUND (Off:4 Def:4),,,5,100412,Taj McWilliams-Franklin,1611661323.0,Orlando,Miracle,ORL,0,0,,,,,,0,0,,,,,,0
1029900185,387,5,1,3,1:59 PM,3:04,Burgess STEAL (1 STL),,McWilliams-Franklin Bad Pass Turnover (P3.T16),,,5,100412,Taj McWilliams-Franklin,1611661323.0,Orlando,Miracle,ORL,4,100401,Annie Burgess,1611661324.0,Minnesota,Lynx,MIN,0,0,,,,,,0
1029900185,388,1,5,3,1:59 PM,2:57,K. Smith Layup (16 PTS),,,76 - 76,TIE,4,100404,Katie Smith,1611661324.0,Minnesota,Lynx,MIN,0,0,,,,,,0,0,,,,,,0
1029900185,389,6,2,3,1:59 PM,2:57,,,Sam S.FOUL (P3.T1),,,5,100416,Sheri Sam,1611661323.0,Orlando,Miracle,ORL,0,0,,,,,,0,0,,,,,,0
1029900185,390,3,10,3,2:00 PM,2:57,K. Smith Free Throw 1 of 1 (17 PTS),,,76 - 77,1,4,100404,Katie Smith,1611661324.0,Minnesota,Lynx,MIN,0,0,,,,,,0,0,,,,,,0
1029900185,392,1,1,3,2:00 PM,2:38,,,S. Johnson 3PT Jump Shot (20 PTS) (Sales 6 AST),79 - 77,-2,5,100410,Shannon Johnson,1611661323.0,Orlando,Miracle,ORL,5,100415,Nykesha Sales,1611661323.0,Orlando,Miracle,ORL,0,0,,,,,,0
1029900185,393,1,1,3,2:01 PM,2:16,Folkl 8' Jump Shot (20 PTS) (Lloyd-Curry 1 AST),,,79 - 79,TIE,4,100400,Kristin Folkl,1611661324.0,Minnesota,Lynx,MIN,4,100402,Andrea Lloyd-Curry,1611661324.0,Minnesota,Lynx,MIN,0,0,,,,,,0
1029900185,394,6,2,3,2:01 PM,2:16,,,Sales S.FOUL (P5.T2),,,5,100415,Nykesha Sales,1611661323.0,Orlando,Miracle,ORL,0,0,,,,,,0,0,,,,,,0
1029900185,395,3,10,3,2:01 PM,2:16,Folkl Free Throw 1 of 1 (21 PTS),,,79 - 80,1,4,100400,Kristin Folkl,1611661324.0,Minnesota,Lynx,MIN,0,0,,,,,,0,0,,,,,,0
1029900185,396,2,1,3,2:02 PM,1:56,Folkl BLOCK (2 BLK),,MISS Sam 8' Jump Shot,,,5,100416,Sheri Sam,1611661323.0,Orlando,Miracle,ORL,0,0,,,,,,4,100400,Kristin Folkl,1611661324.0,Minnesota,Lynx,MIN,0
1029900185,397,4,0,3,2:02 PM,1:54,,,Miracle Rebound,,,3,1611661323,,,,,,0,0,,,,,,0,0,,,,,,0
1029900185,398,1,1,3,2:02 PM,1:52,,,Sales 12' Jump Shot (15 PTS) (Powell 5 AST),81 - 80,-1,5,100415,Nykesha Sales,1611661323.0,Orlando,Miracle,ORL,5,100414,Elaine Powell,1611661323.0,Orlando,Miracle,ORL,0,0,,,,,,0
1029900185,399,5,1,3,2:02 PM,1:26,K. Smith Bad Pass Turnover (P3.T14),,,,,4,100404,Katie Smith,1611661324.0,Minnesota,Lynx,MIN,0,0,,,,,,0,0,,,,,,0
1029900185,400,2,1,3,2:03 PM,1:02,,,MISS S. Johnson 11' Jump Shot,,,5,100410,Shannon Johnson,1611661323.0,Orlando,Miracle,ORL,0,0,,,,,,0,0,,,,,,0
1029900185,401,4,0,3,2:03 PM,0:59,Folkl REBOUND (Off:5 Def:4),,,,,4,100400,Kristin Folkl,1611661324.0,Minnesota,Lynx,MIN,0,0,,,,,,0,0,,,,,,0
1029900185,402,9,2,3,2:03 PM,0:56,LYNX Timeout: Short (Full 2 Short 2),,,,,2,1611661324,,,,,,0,0,,,,,,0,0,,,,,,0
1029900185,406,5,2,3,2:04 PM,0:50,K. Smith Lost Ball Turnover (P4.T15),,Sam STEAL (3 STL),,,4,100404,Katie Smith,1611661324.0,Minnesota,Lynx,MIN,5,100416,Sheri Sam,1611661323.0,Orlando,Miracle,ORL,0,0,,,,,,0
1029900185,407,6,1,3,2:04 PM,0:44,Burgess P.FOUL (P3.T2),,,,,4,100401,Annie Burgess,1611661324.0,Minnesota,Lynx,MIN,0,0,,,,,,0,0,,,,,,0
1029900185,408,6,1,3,2:05 PM,0:24,K. Smith P.FOUL (P3.PN),,,,,4,100404,Katie Smith,1611661324.0,Minnesota,Lynx,MIN,0,0,,,,,,0,0,,,,,,0
1029900185,409,3,11,3,2:05 PM,0:24,,,Sales Free Throw 1 of 2 (16 PTS),82 - 80,-2,5,100415,Nykesha Sales,1611661323.0,Orlando,Miracle,ORL,0,0,,,,,,0,0,,,,,,0
1029900185,410,3,12,3,2:06 PM,0:24,,,Sales Free Throw 2 of 2 (17 PTS),83 - 80,-3,5,100415,Nykesha Sales,1611661323.0,Orlando,Miracle,ORL,0,0,,,,,,0,0,,,,,,0
1029900185,411,9,1,3,2:06 PM,0:24,LYNX Timeout: Regular (Full 3 Short 2),,,,,2,1611661324,,,,,,0,0,,,,,,0,0,,,,,,0
1029900185,415,2,1,3,2:09 PM,0:03,MISS Burgess 24' 3PT Jump Shot,,,,,4,100401,Annie Burgess,1611661324.0,Minnesota,Lynx,MIN,0,0,,,,,,0,0,,,,,,0
1029900185,416,4,0,3,2:09 PM,0:01,Tate REBOUND (Off:2 Def:5),,,,,4,100406,Sonja Tate,1611661324.0,Minnesota,Lynx,MIN,0,0,,,,,,0,0,,,,,,0
1029900185,417,13,0,3,2:09 PM,0:00,,End of 1st OT (2:09 PM EST),,83 - 80,-3,0,0,,,,,,0,0,,,,,,0,0,,,,,,0
